1 0.0328953125 0.9868546296874999 0.0356734375 0.9990740734375001 0.1352348953125 0.9843842593750001 0.1569994796875 0.9160287031250001 0.1574625 0.8979111109375 0.1528317703125 0.8970870375000001 0.1301411453125 0.9036759265625 0.1236578125 0.8649685187499999 0.0958734375 0.7224925921875001 0.0935578125 0.7191990734375 0.0801286453125 0.7233166671875 0.06808906249999999 0.7373166671875 0.06345833281249999 0.8921462968749999 0.0616057296875 0.9069703703125 0.0328953125 0.9868546296874999
1 0.7778567703125 0.8309981484375 0.8149031250000001 0.8985296296874999 0.9019609375 0.8828824078125 0.8977932296875 0.870528703125 0.8741765625 0.8318212968750001 0.8686197921875 0.8326453703125001 0.8584317703125001 0.6621685187499999 0.8510229171875 0.642402778125 0.840371875 0.6407564812500001 0.8265625 0.6463990734375 0.8056416671875001 0.8145268515625 0.78758125 0.8219388890625 0.7778567703125 0.8309981484375
2 0.5919864578125 0.5419601859375 0.5998010421875 0.56409351875 0.6510286453125 0.55843148125 0.64958125 0.5481370375 0.6492921875000001 0.538872221875 0.6437932296875 0.5332101859375 0.636846875 0.5357833328125 0.6252697921875 0.4297509265625 0.6155598953125 0.43061944375000005 0.6050104171874999 0.5326953703124999 0.599221875 0.5378425921875001 0.5919864578125 0.5419601859375
2 0.5543614578125 0.358203703125 0.5494416671875 0.35768888906249996 0.5396010421875 0.4323240734375 0.5329442703125 0.43644166718750005 0.5341796875 0.44971666718750003 0.5717270828125 0.4467361109375 0.5711479171875 0.4323240734375 0.5615973953125 0.4297509265625 0.5543614578125 0.358203703125
2 0.5427848953125001 0.371072221875 0.5393119796875 0.3633509265625 0.53091875 0.3108490734375 0.5262875 0.3108490734375 0.5222359375 0.37261666718750003 0.5169270828125 0.3820083328125 0.51963125 0.39372037031249996 0.5448109375 0.391146296875 0.5456791671875 0.382396296875 0.5427848953125001 0.371072221875
1 0.4640625 0.25859375 0.00234375 0.0234375
1 0.4609375 0.25546875 0.00234375 0.021875
1 0.46015625 0.25 0.0015625 0.02109375
1 0.36875 0.2578125 0.00546875 0.0203125
2 0.4951619796875 0.348115740625 0.4934255203125 0.35058611093750003 0.4959723953125 0.3532629625 0.5185473953125 0.3528509265625 0.5173895828124999 0.34955648125 0.5162322921875 0.3437916671875 0.5147270828125 0.34255648125 0.5121802078125001 0.340703703125 0.5075494796875 0.29746666718750003 0.5032552078125 0.29794259218749997 0.4995614578125 0.34564444375000003 0.4960880203125 0.34605648125 0.4951619796875 0.348115740625
2 0.493078125 0.32629166718749997 0.4931942703125 0.3217620375 0.49053125 0.3217620375 0.4893734375 0.316202778125 0.48555312500000003 0.2824370375 0.48219583281249995 0.2826425921875 0.48011197968749997 0.2964370375 0.4781442703125 0.3209379625 0.475 0.3217851859375 0.4746708328125 0.32814444374999996 0.4781442703125 0.3291740734375 0.49203645781249994 0.3291740734375 0.493078125 0.32629166718749997
2 0.4784916671875 0.3034379625 0.4759442703125 0.272965740625 0.47270312499999995 0.27173055625 0.4716609375 0.272553703125 0.4695770828125 0.304878703125 0.46588541718750004 0.3067388890625 0.46621979218750004 0.3133203703125 0.47860729218750003 0.312290740625 0.48011197968749997 0.30714351875 0.4784916671875 0.3034379625
2 0.47061927031249995 0.2630833328125 0.4681880203125 0.2630833328125 0.46703020781250004 0.2630833328125 0.465409375 0.29273148125000004 0.4629786453125 0.2933490734375 0.4629786453125 0.297878703125 0.46969322968749994 0.297672221875 0.4717770828125 0.2719361109375 0.47061927031249995 0.2630833328125
2 0.46332552031249996 0.2807898140625 0.4621682296875 0.280377778125 0.4596213546875 0.251553703125 0.4564953125 0.251759259375 0.4553375 0.28181944375 0.4522119796875 0.2842898140625 0.4561479171875 0.287584259375 0.4648307296875 0.2865546296875 0.4647151046875 0.2842898140625 0.46332552031249996 0.2807898140625
0 0.1925255203125 0.580125 0.1878947921875 0.6019259265625 0.24128489531250003 0.5946583328124999 0.24727760468749999 0.57140555625 0.23311302031249997 0.5636546296875 0.2156796875 0.44254259218750003 0.2046567703125 0.44178148124999994 0.1998802078125 0.5694675921875 0.1925255203125 0.5728583328125 0.1925255203125 0.580125
0 0.2480947921875 0.47306296249999996 0.2824166671875 0.46725000000000005 0.2870473953125 0.4624046296875 0.286775 0.4536851859375 0.278603125 0.45416944375 0.26471093749999997 0.36309351875 0.25827187500000004 0.36389537031249997 0.2549046875 0.4536851859375 0.2500015625 0.45756018593750003 0.2480947921875 0.47306296249999996
0 0.2827703125 0.4096870375 0.3132010421875 0.40733425937499995 0.3132010421875 0.402334259375 0.3117125 0.3990990734375 0.30427031250000003 0.39498055625 0.2955046875 0.3305666671875 0.2905432296875 0.3305666671875 0.2887239578125 0.395275 0.2831010421875 0.400275 0.2827703125 0.4096870375
0 0.29964843750000003 0.355703703125 0.2983854171875 0.3673083328125 0.3072260421875 0.366559259375 0.30806822968750003 0.3583240734375 0.3049109375 0.3583240734375 0.2988067703125 0.31153055625000003 0.2947442703125 0.31107407343750004 0.2948072921875 0.32613055625 0.29607031250000004 0.331371296875 0.29964843750000003 0.355703703125
0 0.3200088546875 0.339634259375 0.3309046875 0.3403611109375 0.33594375 0.337453703125 0.3362161453125 0.33478981406249997 0.3336286453125 0.33503148125000004 0.3291338546875 0.29385370312500003 0.32475468749999997 0.29169722187499997 0.3234135421875 0.33164074062500004 0.321234375 0.332125 0.3200088546875 0.339634259375
0 0.33321979218750003 0.318802778125 0.348746875 0.3192870375 0.3495640625 0.3144425921875 0.34520520781249997 0.312747221875 0.340846875 0.28053148125 0.3391541671875 0.280259259375 0.3373057296875 0.31323148125 0.3347182296875 0.313715740625 0.33321979218750003 0.318802778125
0 0.3443880203125 0.3020898140625 0.3574635421875 0.30233148125 0.3574635421875 0.2972453703125 0.3547395828125 0.29676018593750003 0.352015625 0.2698740734375 0.3492645828125 0.26909351875 0.3497 0.29845648125 0.34615885468749996 0.29869814843750003 0.3443880203125 0.3020898140625
0 0.3606239578125 0.290265740625 0.3583557296875 0.28858518593750004 0.35845 0.28337500000000004 0.3549536453125 0.2630379625 0.3539541671875 0.2628703703125 0.3539140625 0.2823666671875 0.35580416718749996 0.290434259375 0.3606239578125 0.290265740625
1 0.3573161453125 0.2690888890625 0.358828125 0.282702778125 0.3655401046875 0.28195555625 0.3603401046875 0.25715555625 0.3582609375 0.255475 0.3573161453125 0.2690888890625
1 0.3675223953125 0.275475 0.36515989531250004 0.252953703125 0.36267031250000004 0.2532333328125 0.362325 0.2534574078125 0.3645927078125 0.27614722187499996 0.3675223953125 0.275475