0 0.17890625 0.61171875 0.08203125 0.20546875
2 0.6796875 0.58359375 0.0765625 0.17890625
2 0.55078125 0.37578125 0.0390625 0.09296875
0 0.25390625 0.45859375 0.05234375 0.12890625
2 0.58046875 0.44375 0.04375 0.10703125
0 0.29140625 0.38671875 0.03671875 0.10703125
2 0.5203125 0.34375 0.02734375 0.06328125
2 0.4953125 0.31953125 0.02265625 0.053125
1 0.46796875 0.27265625 0.01484375 0.0453125
1 0.36875 0.26953125 0.0125 0.03046875
0 0.29765625 0.35703125 0.02578125 0.08203125
0 0.33046875 0.3328125 0.01796875 0.05859375
0 0.3421875 0.309375 0.0171875 0.04296875
0 0.353125 0.296875 0.01640625 0.0484375
0 0.35703125 0.29453125 0.009375 0.04453125
2 0.4859375 0.303125 0.0203125 0.0546875
2 0.48125 0.29609375 0.0140625 0.04609375