1 0.5542192703125 0.3604638890625 0.5634807296875 0.36224444375 0.5636057296875 0.35890555625 0.561478125 0.357125 0.5611026046875 0.34154444375000004 0.5588401046875 0.34061851875000004 0.556596875 0.3555666671875 0.55409375 0.355121296875 0.5542192703125 0.3604638890625
1 0.55859375 0.35 0.0109375 0.02421875
0 0.317375 0.755509259375 0.3331192703125 0.7044481484375 0.3155229171875 0.694565740625 0.3090395828125 0.6879768515625 0.2960734375 0.5809148140625 0.2822916671875 0.5816870375 0.26736302031250003 0.7044481484375 0.2608796875 0.7011537031249999 0.2479135421875 0.7472731484375 0.317375 0.755509259375
2 0.9979166671874999 0.88909444375 0.9879078124999999 0.8905722218750001 0.9462307296875 0.9990740734375001 0.9990213546875 0.9990740734375001 0.9979166671874999 0.88909444375
2 0.6755458328125 0.58306851875 0.6662838546875001 0.5818018515625 0.6908624999999999 0.6103092593749999 0.722565625 0.6065083328124999 0.7136604171875 0.5862361109374999 0.7093859375 0.58306851875 0.7083333328125 0.5050648140625 0.6983432296875 0.5019796296875 0.6830260421875 0.5761000000000001 0.6769703125000001 0.5741990734375 0.6755458328125 0.58306851875
0 0.3310890625 0.5361888890625 0.3310890625 0.5482259265625 0.3677786453125 0.5450583328125 0.3684911453125 0.527953703125 0.3613671875 0.5209851859375 0.3595859375 0.5108490734375 0.3531739578125 0.45446666718750006 0.3429489578125 0.44950925937499997 0.3360760421875 0.52351851875 0.33073281250000003 0.527953703125 0.3310890625 0.5361888890625
0 0.31771614531250003 0.45038148125 0.3369338546875 0.4536759265625 0.3431854171875 0.45161666718750004 0.3427223953125 0.442146296875 0.3387864578125 0.4388518515625 0.33253489531249997 0.39685000000000004 0.3268229171875 0.39403333281249997 0.3216526046875 0.441322221875 0.31794791718750004 0.4446166671875 0.31771614531250003 0.45038148125
0 0.3561515625 0.3709083328125 0.35406770781249997 0.37214351875 0.3508260421875 0.40055648125000004 0.3480479171875 0.40261574062500005 0.3480479171875 0.40920370312500004 0.3642552078125 0.4108509265625 0.3637921875 0.40261574062500005 0.3607822921875 0.4030268515625 0.3561515625 0.3709083328125
2 0.5534213546875 0.4755 0.5474015624999999 0.4796175921875 0.5610625 0.49073611093749997 0.5798166671875 0.48661851875 0.578890625 0.4804416671875 0.5777328125000001 0.4759120375 0.5733338546875 0.47385277812500004 0.568934375 0.42238055625 0.5630208328124999 0.4222740734375 0.5568947921875 0.4709703703125 0.553884375 0.47220555624999994 0.5534213546875 0.4755
2 0.5024833328125 0.434322221875 0.5001677078125 0.434322221875 0.49715781249999996 0.3943796296875 0.49461093749999996 0.39355648125 0.4918322921875 0.3964388890625 0.48812812499999997 0.431027778125 0.4848864578125 0.43349907343750005 0.4799479171875 0.438940740625 0.4925270828125 0.4483231484375 0.5054932296875 0.44502870312500004 0.5041041671875 0.439675 0.5024833328125 0.434322221875
0 0.402921875 0.3894379625 0.4186666671875 0.3894379625 0.4182036453125 0.3857324078125 0.41588802031250005 0.384497221875 0.4131098953125 0.3589666671875 0.41172031249999996 0.3552611109375 0.409375 0.35421851875 0.40662656249999996 0.3857324078125 0.40431145781250005 0.3857324078125 0.402921875 0.3894379625
0 0.46786041718750004 0.3824796296875 0.47695677031250006 0.3845388890625 0.4789411453125 0.3824796296875 0.4782796875 0.38071481406249996 0.47497239531249996 0.35365555625 0.473028125 0.3532111109375 0.4703416671875 0.3795388890625 0.46786041718750004 0.3795388890625 0.46786041718750004 0.3824796296875
2 0.5315333328125 0.41601018593749994 0.5515447921875001 0.41659907343749997 0.5515447921875001 0.41365740781250004 0.5452604171875 0.40689259218749996 0.5450947921875 0.37424444375 0.5420385421875 0.3723916671875 0.5371567703125 0.407775 0.5321947921875 0.41159814843750003 0.5315333328125 0.41601018593749994
2 0.5775104171875001 0.40189259218749995 0.5904104171875 0.40718703749999996 0.5922291671875 0.4045398140625 0.5922291671875 0.40130370312499997 0.5875984375 0.39895092656250003 0.5880947921875 0.37100925937499996 0.5846354171875 0.37007685156250003 0.5799911453125 0.39777407343750004 0.5783369796875 0.39777407343750004 0.5775104171875001 0.40189259218749995
0 0.5386447921874999 0.37895 0.5391411453125 0.376009259375 0.5355026046875 0.37365648125 0.5359989578125 0.3704203703125 0.5359989578125 0.35542037031249996 0.5342260421875 0.3535416671875 0.5316989578125 0.37365648125 0.5292182296875 0.3754203703125 0.5295489578125 0.37806759218749997 0.5386447921874999 0.37895
2 0.5776755203125 0.3995388890625 0.5768484375 0.4039509265625 0.59090625 0.40630462968750003 0.5912369796875 0.40130370312499997 0.5875984375 0.3968925921875 0.5884255203125 0.3704203703125 0.5840776046875 0.37040740781250003 0.5804869796875 0.3971861109375 0.5791640625000001 0.3983629625 0.5776755203125 0.3995388890625
0 0.5361640624999999 0.36806759218749996 0.5427796875 0.36836203749999996 0.5414567703125 0.366597221875 0.5402989578125 0.3489490734375 0.539434375 0.34659722187500003 0.5378182296875 0.3648324078125 0.5368260421875 0.36542037031249996 0.5361640624999999 0.36806759218749996
1 0.5484026046875 0.3460083328125 0.5482375 0.35247870312499996 0.5472447921875 0.357478703125 0.5454255203125 0.3601259265625 0.5457567703125 0.36277314843749997 0.5531989578125 0.36395 0.5530135421875 0.35949444375 0.5515447921875001 0.357478703125 0.5515447921875001 0.34541944375 0.5497255203125 0.34483148125 0.5484026046875 0.3460083328125
1 0.5452604171875 0.36395 0.5432755203124999 0.3621851859375 0.5432755203124999 0.35483148125 0.5427796875 0.35012592656249997 0.543771875 0.346890740625 0.5407364578125 0.3459361109375 0.5412911453125 0.366302778125 0.5449296875 0.366597221875 0.5452604171875 0.36395
1 0.63515625 0.3625 0.0046875 0.02578125
2 0.6319796875 0.3984083328125 0.6454859374999999 0.3994379625 0.6425916671875 0.397378703125 0.6420130203125 0.3661518515625 0.6391057296875 0.3646259265625 0.6358385421875 0.3929175921875 0.6333302078124999 0.39360370312500004 0.6319796875 0.3984083328125
2 0.6241666671874999 0.38321944375 0.6342333328125 0.38375648125 0.6328239578125 0.38107129687499997 0.6316161453125 0.3801759265625 0.6313140625 0.35600648125 0.6286968749999999 0.3551111109375 0.6257770828125 0.377490740625 0.6239651046875 0.37928055625 0.6241666671874999 0.38321944375
1 0.6363473953125001 0.371402778125 0.6347369796875 0.353678703125 0.632359375 0.353484259375 0.6321192703125 0.375878703125 0.6367499999999999 0.374984259375 0.6363473953125001 0.371402778125
1 0.6387635421875 0.3637046296875 0.6414817703125 0.3646 0.6412802078125 0.351709259375 0.6392661453125 0.3508675921875 0.6358442703125 0.36656944375 0.6386630203125 0.36818055625 0.6387635421875 0.3637046296875