1 0.44609375 0.29453125 0.0109375 0.02109375
1 0.5078125 0.29765625 0.0109375 0.025
2 0.8804739578125 0.8988083328125 0.8712125000000001 0.8741009265624999 0.846875 0.866872221875 0.80545625 0.9990740734375001 0.8897359375 0.9990740734375001 0.8776958328125 0.991046296875 0.8804739578125 0.8988083328125
0 0 0.9990740734375001 0.03125 0.9990740734375001 0.0338541671875 0.9925925921875001 0.0333333328125 0.9824074078124999 0.0265625 0.975 0.0067708328125 0.9731481484375 0 0.9740740734375001 0 0.9990740734375001
2 0.5777098953124999 0.5659879625 0.6240171875 0.5668111109375 0.6221651046875001 0.556928703125 0.6129036453125 0.5379870375 0.6087359375 0.5396333328125 0.6068833328125 0.460572221875 0.5979166671875 0.4575101859375 0.5860453125 0.5313981484375 0.5763208328125 0.5396333328125 0.5777098953124999 0.5659879625
0 0.24800052031250003 0.5602231484375 0.28875104218750003 0.56928148125 0.3063479171875 0.5404574078125 0.2924557296875 0.5346925921875 0.2785635421875 0.43915925937500006 0.2692708328125 0.43899166718749993 0.26559739531250004 0.5371629625 0.2632817703125 0.5371629625 0.24800052031250003 0.5602231484375
2 0.49973333281250004 0.444121296875 0.5258119796875 0.446722221875 0.5272744796875 0.42548333281249995 0.5245932296875 0.4241824078125 0.52020625 0.4207148140625 0.5146005203125 0.3704351859375 0.5111885421875 0.3704351859375 0.5060703125 0.423315740625 0.5024145828125001 0.424615740625 0.49973333281250004 0.444121296875
2 0.4232041671875 0.38647222187499997 0.4412395828125 0.385172221875 0.44075208281249995 0.3773703703125 0.4388026046875 0.3773703703125 0.433928125 0.3418268515625 0.430646875 0.341672221875 0.4268598953125 0.379103703125 0.4232041671875 0.379103703125 0.4232041671875 0.38647222187499997
0 0.2633213546875 0.43371851875 0.2920807296875 0.4289509265625 0.2889125 0.4185481484375 0.2837942703125 0.4194148140625 0.2738015625 0.35873148125 0.26754375 0.358728703125 0.2664901046875 0.4185481484375 0.259421875 0.424615740625 0.2633213546875 0.43371851875
2 0.3303453125 0.3522296296875 0.3337578125 0.3539638890625 0.34691875 0.353096296875 0.3457 0.3487620375 0.3420442703125 0.345727778125 0.33838854218750003 0.3179870375 0.33525208281249996 0.3177925921875 0.33351406250000004 0.347028703125 0.3303453125 0.3478953703125 0.3303453125 0.3522296296875
2 0.28818125 0.3387925921875 0.30231718750000003 0.3387925921875 0.30158593749999996 0.33445833281250004 0.2991489578125 0.33445833281250004 0.2964677078125 0.3067175921875 0.2927630203125 0.306097221875 0.2920807296875 0.335325 0.2889125 0.335325 0.28818125 0.3387925921875
2 0.2206697921875 0.3283898140625 0.2333432296875 0.3283898140625 0.23675572968749997 0.32535555625 0.2328557296875 0.323622221875 0.2272505203125 0.2937138890625 0.22423229218750002 0.2934268515625 0.22603177031250002 0.3231888890625 0.2216447921875 0.3231888890625 0.2206697921875 0.3283898140625
0 0.2167234375 0.37606944375 0.21623593749999998 0.3817046296875 0.2406552078125 0.3808379625 0.23943645781249998 0.37346851875 0.23529322968750002 0.37346851875 0.22749427031249997 0.334025 0.2223135421875 0.3319259265625 0.22379114531250002 0.37303518593749996 0.2203791671875 0.3756361109375 0.2167234375 0.37606944375
0 0.1660286453125 0.3552638890625 0.1847953125 0.3539638890625 0.1847953125 0.348328703125 0.1808958328125 0.3465953703125 0.1748026046875 0.3179870375 0.1711130203125 0.31584351875 0.170903125 0.350496296875 0.1667598953125 0.3509296296875 0.1660286453125 0.3552638890625
2 0.1554703125 0.31970555625 0.1683880203125 0.324040740625 0.1686317703125 0.31797222187499996 0.1664380203125 0.31623796249999997 0.1630260421875 0.2936990734375 0.15816875 0.2939138890625 0.1603447921875 0.311903703125 0.1571765625 0.3149379625 0.1554703125 0.31970555625
2 0.1054578125 0.3129953703125 0.1133963546875 0.3127018515625 0.1133963546875 0.3097601859375 0.1102541671875 0.3100546296875 0.104465625 0.284759259375 0.1028645828125 0.284759259375 0.1021505203125 0.30681851875 0.10430052031249999 0.3085833328125 0.1054578125 0.3129953703125
2 0.0244197921875 0.28240648125 0.0244197921875 0.3053481484375 0.0234276046875 0.3103481484375 0.021443229687500003 0.3103481484375 0.0269005203125 0.313584259375 0.0359005203125 0.31055277812500004 0.0353354171875 0.30681851875 0.033185417187499996 0.30740740781250003 0.0262390625 0.28240648125 0.0244197921875 0.28240648125
0 0.0955348953125 0.3444675921875 0.10942708281249999 0.3459379625 0.1142234375 0.3403490734375 0.11438854218750001 0.3374083328125 0.1112463546875 0.3368203703125 0.10430052031249999 0.30917222187500004 0.1006322921875 0.30790740781250003 0.10033125000000001 0.3397611109375 0.09768489531249999 0.34005555625 0.0955348953125 0.3444675921875
0 0.011519792187499999 0.33064351875 0.0088739578125 0.33064351875 0 0.3006324078125 0.00043906250000000005 0.33564351875 0.0126776046875 0.3347611109375 0.011519792187499999 0.33064351875