2 0.7171890624999999 0.7561240734375 0.7100645828125 0.7637259265624999 0.703653125 0.7700611109375 0.7239567703125 0.8093388890625001 0.7962677078125 0.79856944375 0.78843125 0.7814648140625 0.78843125 0.7662601859375 0.7916369796875 0.7580250000000001 0.7713333328124999 0.73711851875 0.7528104171875001 0.5945796296875 0.7424802078125 0.5958472218749999 0.7271630203125 0.741553703125 0.7107770828125 0.7440879625 0.7171890624999999 0.7561240734375
2 0.6160249999999999 0.586977778125 0.6117505203125 0.5914129625 0.6199432296875 0.6053499999999999 0.6623322921875 0.5990148140625 0.6587703125 0.590778703125 0.6541395828125001 0.5812768515625 0.6487963546875 0.5787425921875 0.6413161453125 0.4944861109375 0.6352604171875 0.4944861109375 0.6302083328125 0.49580555625 0.6245739578125 0.5768416671875001 0.6195869796875 0.5793759265625 0.6160249999999999 0.586977778125
2 0.5611239578125 0.5189703703124999 0.5915546875000001 0.5189703703124999 0.5933739578125 0.5169111109375 0.5923812500000001 0.510440740625 0.5910583328125 0.505146296875 0.5857661453125 0.505440740625 0.5788197921875 0.437790740625 0.5734744796875 0.43720648124999995 0.5679046875 0.5060287031249999 0.5614546875 0.5069111109375 0.5611239578125 0.5189703703124999
2 0.5655890625 0.46396851874999995 0.5612890625 0.4610268515625 0.5573197921874999 0.43955555625000003 0.5541776046875 0.4095546296875 0.5485546875 0.41043703750000005 0.5445854171875 0.45955648125000004 0.5424109374999999 0.46134629687500006 0.5386317703125 0.466321296875 0.5416083328125 0.47396851875 0.5657546875 0.471615740625 0.5655890625 0.46396851874999995
2 0.5478932296875 0.42955555624999997 0.5459083328125 0.422496296875 0.5424354171875 0.3872009265625 0.5371432296875 0.3880833328125 0.5319942703125 0.43059259218749996 0.5308588546874999 0.43602592656250005 0.5315203125 0.4407324078125 0.5462390625 0.4389675921875 0.5478932296875 0.42955555624999997
2 0.530196875 0.40926111093750006 0.5278817703125 0.4077898140625 0.5240781250000001 0.36690648124999997 0.5212661453125 0.36690648124999997 0.5174624999999999 0.408672221875 0.5148807296875 0.4071138890625 0.5169661453125001 0.41631944374999996 0.5295354171875 0.41337870312499997 0.5316854171875 0.4122018515625 0.530196875 0.40926111093750006
1 0.5286109375 0.3624231484375 0.5267729171875 0.35479351875 0.5247114578125001 0.3567879625 0.5237364578125 0.37138148125 0.5259302078125 0.3864074078125 0.5286109375 0.3624231484375
1 0.5358416671875 0.3963768515625 0.5378723953125 0.3940648140625 0.5350291671875 0.38973055625 0.5311588546875 0.362915740625 0.5297484375 0.36271203750000003 0.5270677078125 0.391753703125 0.5264177078125 0.3957990734375 0.5358416671875 0.3963768515625
1 0.51634375 0.37629351875 0.5161 0.3816398140625 0.5186994796875 0.38134999999999997 0.5196744796874999 0.3814953703125 0.5213807296875 0.3661796296875 0.5234114578125 0.3661796296875 0.5247114578125001 0.3567879625 0.5232088546875 0.3508953703125 0.5206494796875 0.351009259375 0.5194307296875 0.3676240734375 0.5184557296875 0.37629351875 0.51634375 0.37629351875
1 0.5195932296875 0.3567879625 0.5203244796875001 0.34941944375 0.5221119796875 0.3495638890625 0.5214619796875 0.3456629625 0.5196744796874999 0.344940740625 0.5179682296875 0.34508518593750004 0.5159906249999999 0.3674648140625 0.5135 0.3676240734375 0.51471875 0.3715259265625 0.51731875 0.3715259265625 0.5195932296875 0.3567879625
0 0.2999671875 0.5289379624999999 0.29907343750000004 0.533272221875 0.2964739578125 0.5391962968749999 0.3298640625 0.5416518515625001 0.33522552031249997 0.5321166671875 0.33741927031249996 0.5339944437499999 0.3349822921875 0.5311046296875 0.3336822921875 0.5274925921875 0.3273453125 0.5269148140625 0.3168651046875 0.4585740734375 0.313453125 0.4578518515625 0.30985 0.4600574078125 0.3049229171875 0.525759259375 0.3033791671875 0.5261925921875 0.2999671875 0.5289379624999999
0 0.334021875 0.48343796250000004 0.36066927031249996 0.4822824078125 0.36253802031250004 0.47867037031250004 0.3622942703125 0.47375740781250003 0.3565260421875 0.47375740781250003 0.3557947921875 0.46682222187500005 0.3514078125 0.42131018593749997 0.34637083281250003 0.42145462968749997 0.34117135468750004 0.47115648125 0.337678125 0.475202778125 0.334021875 0.48343796250000004
0 0.3607635421875 0.44089444375 0.3608447921875 0.44580648125 0.3805046875 0.4462398140625 0.3826984375 0.44248333281249996 0.3826984375 0.43786018593750003 0.3789614578125 0.43786018593750003 0.3744932296875 0.39538148125 0.3702484375 0.3950796296875 0.3672625 0.4355481484375 0.36506927031249997 0.43583703749999997 0.3607635421875 0.44089444375
0 0.37733645781249997 0.419365740625 0.3904161453125 0.41951111093750004 0.3893604171875 0.4161879625 0.38724791718749996 0.41430925937499996 0.3835109375 0.38281203750000004 0.3808479171875 0.382734259375 0.3792052078125 0.4147425921875 0.37652395781250003 0.41647685156250003 0.37733645781249997 0.419365740625
1 0.3857041671875 0.4043398140625 0.399515625 0.40347314843750004 0.398946875 0.4005833328125 0.395778125 0.400727778125 0.3930161453125 0.370675 0.3893458328125 0.3712009265625 0.3878979171875 0.3991388890625 0.3857041671875 0.40015 0.3857041671875 0.4043398140625
1 0.395778125 0.3926370375 0.4059333328125 0.3923481484375 0.4057708328125 0.389025 0.40284635468749996 0.38830185156249997 0.4004088546875 0.3624398140625 0.39775208281249996 0.3608046296875 0.395696875 0.3867129625 0.39431614531250003 0.3874351859375 0.395778125 0.3926370375
1 0.399515625 0.358827778125 0.40032760468750006 0.36070555625 0.4037401046875 0.385990740625 0.4092645828125 0.385846296875 0.4083708328125 0.383678703125 0.4060145828125 0.38295648125000004 0.40241249999999995 0.35723055625 0.40138385468750004 0.3568046296875 0.4001651046875 0.3568046296875 0.399515625 0.358827778125
1 0.4043901046875 0.35203703750000004 0.4033338546875 0.3523259265625 0.40365885468749996 0.3560824078125 0.4075291671875 0.3775361109375 0.41097031250000005 0.3776101859375 0.4092645828125 0.37443148125 0.40698958281250003 0.3524703703125 0.4043901046875 0.35203703750000004
0 0.10789114531249999 0.8565916671875 0.1871927078125 0.846297221875 0.1964546875 0.7979129625 0.17793125 0.7958546296875 0.1756161453125 0.80511944375 0.1536197921875 0.6383490734375 0.1373697921875 0.6401749999999999 0.1304661453125 0.8071787031250001 0.12062604218749999 0.8154138890624999 0.10789114531249999 0.8565916671875
0 0.20803124999999997 0.6270249999999999 0.24391979218749998 0.6270249999999999 0.2595484375 0.6239370375 0.2618640625 0.600259259375 0.250865625 0.5992296296874999 0.23350052031250002 0.5168740734374999 0.22721354218749998 0.5151749999999999 0.2201869796875 0.607465740625 0.21208333281249997 0.610553703125 0.20803124999999997 0.6270249999999999