2 0.5796875 0.42578125 0.0421875 0.10703125
2 0.77890625 0.765625 0.109375 0.2546875
2 0.6203125 0.51953125 0.05703125 0.13203125
0 0.22265625 0.54140625 0.06328125 0.15546875
0 0.0703125 0.80390625 0.1203125 0.2953125
2 0.54375 0.38515625 0.0296875 0.0703125
2 0.5140625 0.35625 0.0234375 0.05859375
0 0.28046875 0.44921875 0.04375 0.11015625
2 0.484375 0.3046875 0.0140625 0.05
1 0.3828125 0.30078125 0.01484375 0.03125
0 0.35078125 0.34609375 0.021875 0.05
1 0.48984375 0.29609375 0.015625 0.04609375
0 0.29453125 0.4046875 0.0265625 0.078125
0 0.334375 0.3734375 0.0203125 0.065625
2 0.50546875 0.33984375 0.0171875 0.0609375
2 0.4984375 0.32734375 0.01328125 0.03515625
0 0.36484375 0.33046875 0.0171875 0.05078125
0 0.3703125 0.31875 0.015625 0.0484375