0 0.2828125 0.61171875 0.07734375 0.175
2 0.64609375 0.4109375 0.03515625 0.075
2 0.33125 0.31328125 0.02421875 0.046875
0 0.39765625 0.40703125 0.0359375 0.08359375
2 0.71875 0.5265625 0.04921875 0.1234375
2 0.56640625 0.34765625 0.0234375 0.0640625
2 0.5125 0.315625 0.01796875 0.04140625
2 0.29921875 0.29140625 0.01875 0.03515625
2 0.47109375 0.29609375 0.015625 0.04296875
2 0.41953125 0.28359375 0.01484375 0.03828125
1 0.26328125 0.27734375 0.01484375 0.034375
2 0.3796875 0.34921875 0.02890625 0.06015625
1 0.39453125 0.27578125 0.0140625 0.028125