0 0.18515625 0.63515625 0.08984375 0.21015625
2 0.3765625 0.31875 0.01796875 0.0484375
0 0.22578125 0.3390625 0.02421875 0.0609375
2 0.625 0.4859375 0.04609375 0.11015625
1 0.034375 0.30390625 0.01875 0.0359375
2 0.48046875 0.36875 0.025 0.06328125
2 0.2796875 0.29453125 0.01484375 0.03984375
2 0.32421875 0.30390625 0.01640625 0.03828125
1 0.65546875 0.2890625 0.01328125 0.028125
2 0.43984375 0.3390625 0.02109375 0.0515625
2 0.2203125 0.29140625 0.01640625 0.03671875
0 0.27734375 0.39921875 0.03828125 0.13203125
1 0.7453125 0.29453125 0.0125 0.03046875
0 0.09453125 0.31171875 0.02109375 0.03671875
1 0.1859375 0.2890625 0.01484375 0.028125
0 0.15546875 0.3171875 0.01875 0.04609375