0 0.3296875 0.5390625 0.03671875 0.090625
0 0.2703125 0.6390625 0.06015625 0.13359375
2 0.8375 0.79296875 0.10703125 0.2234375
0 0.1 0.853125 0.09921875 0.22421875
2 0.66328125 0.5984375 0.0546875 0.128125
2 0.5453125 0.43046875 0.0234375 0.071875
2 0.60390625 0.51875 0.03828125 0.0890625
1 0.38671875 0.43203125 0.01796875 0.04609375
0 0.3609375 0.4859375 0.03203125 0.06796875
1 0.53515625 0.39921875 0.01484375 0.04375
1 0.40078125 0.40390625 0.01484375 0.03828125
0 0.375 0.45546875 0.0171875 0.05078125
2 0.5765625 0.471875 0.025 0.07734375