2 0.72109375 0.6859375 0.08359375 0.203125
2 0.02265625 0.28671875 0.01796875 0.040625
0 0.24296875 0.42109375 0.04296875 0.10390625
2 0.45 0.36640625 0.02578125 0.0609375
0 0.1734375 0.67421875 0.115625 0.23984375
2 0.29921875 0.3140625 0.01953125 0.040625
0 0.15703125 0.33359375 0.02421875 0.05078125
2 0.55625 0.43671875 0.0421875 0.10546875
2 0.1015625 0.28828125 0.01484375 0.0359375
2 0.2296875 0.29921875 0.0171875 0.04140625
2 0.34375 0.3265625 0.02109375 0.046875
1 0.46875 0.2734375 0.0125 0.02421875
1 0.53515625 0.27578125 0.0125 0.028125
0 0.08515625 0.3234375 0.01953125 0.0484375
0 0.20703125 0.36328125 0.03203125 0.065625
2 0.16015625 0.2953125 0.01796875 0.0390625