2 0.24140625 0.32578125 0.01484375 0.03671875
2 0.37421875 0.34296875 0.01953125 0.04375
0 0.1171875 0.36796875 0.02265625 0.046875
2 0.63828125 0.47578125 0.0546875 0.11328125
0 0.0765625 0.35703125 0.01796875 0.03671875
0 0.26875 0.38515625 0.0265625 0.059375
2 0.56796875 0.38828125 0.02578125 0.0640625
0 0.2109375 0.3734375 0.0234375 0.0484375
0 0.26328125 0.58671875 0.0578125 0.178125
2 0.4421875 0.3609375 0.02578125 0.0546875
0 0.35546875 0.43046875 0.0390625 0.09453125
0 0.153125 0.32890625 0.0125 0.03046875
2 0.29609375 0.30859375 0.01484375 0.0265625
2 0.2625 0.31875 0.01328125 0.03125
1 0.2796875 0.303125 0.0109375 0.02578125
1 0.2 0.31171875 0.01328125 0.0296875
0 0.83515625 0.02109375 0.0796875 0.0421875
0 0.1 0.34375 0.01640625 0.03046875
2 0.29453125 0.340625 0.01875 0.04375
2 0.22421875 0.34375 0.02109375 0.04921875