1 0.63671875 0.64765625 0.06875 0.153125
2 0.53359375 0.47578125 0.03671875 0.0796875
1 0.1984375 0.66171875 0.08046875 0.16875
2 0.13515625 0.33203125 0.01328125 0.028125
2 0.18359375 0.33671875 0.0125 0.02578125
0 0.30625 0.465625 0.0375 0.09140625
2 0.30234375 0.3484375 0.01328125 0.028125
2 0.5046875 0.41953125 0.025 0.05625
2 0.46484375 0.38671875 0.01875 0.0484375
0 0.3484375 0.41328125 0.02578125 0.065625
2 0.3375 0.35703125 0.0140625 0.03125
2 0.24296875 0.33984375 0.01328125 0.03125
2 0.4125 0.371875 0.0171875 0.0359375
0 0.31796875 0.38203125 0.02109375 0.0484375
1 0.0125 0.32890625 0.01328125 0.0265625
0 0.15703125 0.34921875 0.01484375 0.03203125
1 0.46796875 0.33359375 0.00859375 0.0234375
0 0.21875 0.35625 0.01796875 0.034375
0 0.27109375 0.36796875 0.01796875 0.03828125
1 0.41484375 0.33125 0.0109375 0.01953125
0 0.06953125 0.33828125 0.01640625 0.0453125