2 0.69375 0.61875 0.09296875 0.19296875
2 0.61484375 0.415625 0.0375 0.07890625
0 0.084375 0.82734375 0.165625 0.3296875
0 0.3578125 0.45703125 0.04140625 0.1109375
2 0.35234375 0.32890625 0.01796875 0.04140625
2 0.475 0.3484375 0.02421875 0.04609375
0 0.41015625 0.38828125 0.0265625 0.07109375
2 0.575 0.36640625 0.01953125 0.05390625
0 0.178125 0.34453125 0.015625 0.03203125
2 0.2984375 0.33203125 0.01484375 0.03359375
2 0.41953125 0.33671875 0.01953125 0.03671875
0 0.23046875 0.3265625 0.0125 0.0265625
0 0.21328125 0.3515625 0.01640625 0.0359375
2 0.32265625 0.31875 0.0125 0.028125
0 0.2890625 0.35390625 0.01953125 0.04140625
0 0.33828125 0.3640625 0.02265625 0.0484375
1 0.26484375 0.3140625 0.01171875 0.028125
1 0.33515625 0.30703125 0.0109375 0.02578125
0 0.18984375 0.33515625 0.015625 0.03828125