0 0.2046875 0.5203125 0.0609375 0.11796875
2 0.3609375 0.34609375 0.01953125 0.0484375
2 0.48203125 0.43359375 0.03515625 0.0734375
2 0.3875 0.38828125 0.0265625 0.05859375
2 0.58046875 0.55546875 0.06015625 0.13125
2 0.31953125 0.36953125 0.02578125 0.05078125
2 0.39921875 0.34140625 0.0171875 0.03671875
0 0.28828125 0.33203125 0.0171875 0.03515625
0 0.15078125 0.38203125 0.03359375 0.06484375
1 0.44296875 0.33125 0.0140625 0.04140625
1 0.36796875 0.31328125 0.0109375 0.0234375
0 0.3515625 0.32109375 0.01328125 0.02578125
0 0.20625 0.43359375 0.0375 0.0875
0 0.1640625 0.3578125 0.01953125 0.053125
0 0.22109375 0.340625 0.015625 0.03671875