0 0.146875 0.828125 0.084375 0.20703125
2 0.5609375 0.515625 0.03671875 0.09140625
1 0.3296875 0.4984375 0.03046875 0.06328125
2 0.7453125 0.7734375 0.08828125 0.2015625
1 0.5453125 0.45859375 0.0203125 0.05625
2 0.62890625 0.59765625 0.05 0.115625
0 0.3078125 0.5390625 0.03515625 0.07421875
1 0.5234375 0.434375 0.01328125 0.0390625
0 0.2671875 0.62421875 0.05078125 0.11796875
1 0.3609375 0.446875 0.01484375 0.04375
1 0.34765625 0.46953125 0.02109375 0.0546875
1 0.55546875 0.4765625 0.0140625 0.06796875