0 0.17578125 0.68359375 0.06796875 0.153125
2 0.69296875 0.64609375 0.06875 0.1515625
1 0.521875 0.40703125 0.02109375 0.06875
0 0.2875 0.56171875 0.04609375 0.10390625
2 0.54296875 0.44453125 0.025 0.05859375
2 0.6 0.53359375 0.04296875 0.10078125
0 0.3296875 0.49296875 0.0328125 0.0765625
2 0.9203125 0.89921875 0.1578125 0.19921875
1 0.37734375 0.4109375 0.01484375 0.04140625
0 0.0265625 0.94453125 0.05234375 0.109375
1 0.39140625 0.38984375 0.01328125 0.040625
0 0.3671875 0.42734375 0.01875 0.0453125
1 0.52734375 0.39921875 0.01640625 0.046875
0 0.9734375 0.10625 0.0234375 0.0640625
0 0.35703125 0.4515625 0.015625 0.07421875
2 0.5625 0.47578125 0.02890625 0.08515625
1 0.51328125 0.384375 0.009375 0.05078125