2 0.9244791671874999 0.8148148140625 0.9359375 0.8175925921875 0.9651041671874999 0.8148148140625 0.9765625 0.809259259375 0.9869791671874999 0.796296296875 0.9864583328125001 0.7870370375 0.9833333328125 0.7805555562500001 0.9645833328125001 0.7611111109375 0.9578125 0.7481481484375 0.9557291671874999 0.6388888890625 0.953125 0.60648148125 0.9489583328125001 0.5953703703125 0.9375 0.5888888890625 0.9291666671875 0.5944444437499999 0.921875 0.6101851859375 0.9083333328125001 0.646296296875 0.9057291671875 0.6703703703125 0.8901041671875 0.7083333328125 0.8651041671874999 0.7296296296875 0.8583333328125 0.740740740625 0.8578125 0.7490740734375 0.8651041671874999 0.759259259375 0.89375 0.790740740625 0.9244791671874999 0.8148148140625
2 0.7197520828124999 0.5018120374999999 0.7463791671875 0.5203416671875 0.7732953124999999 0.5105620375 0.7706906250000001 0.50644444375 0.7646124999999999 0.501297221875 0.7588239578125 0.5023268515625 0.7562192703124999 0.41070555625000005 0.7496744796875 0.404577778125 0.7336442703125 0.49203240781249996 0.7290135421875 0.49615 0.7197520828124999 0.5018120374999999
2 0.5843026046875 0.4297509265625 0.5790932296875 0.37313148125 0.5753307296875 0.3700425921875 0.5680947921875 0.42872129687499994 0.560546875 0.43293425937499996 0.5738833328124999 0.4457074078125 0.5929854171875 0.441075 0.58864375 0.43129444375 0.5843026046875 0.4297509265625
0 0.35684062499999997 0.5271870375 0.35630625 0.5446083328125 0.3910369796875 0.5392240734375 0.3910369796875 0.5218018515625 0.3828442703125 0.5205351859375 0.3723359375 0.45560092656249995 0.3696645828125 0.4559175921875 0.3677052078125 0.45845185156249996 0.3625401046875 0.5271870375 0.35684062499999997 0.5271870375
0 0.327275 0.4742888890625 0.35096354218750003 0.4679546296875 0.3490041671875 0.46066851875000003 0.3466885421875 0.46193611093750003 0.3351119796875 0.40618703749999996 0.3329328125 0.406022221875 0.330125 0.461302778125 0.3238911453125 0.46510370312499993 0.327275 0.4742888890625
1 0.32032916718750004 0.45718425937499996 0.3279875 0.45718425937499996 0.33030312500000003 0.4537 0.33244010468749996 0.40998888906250003 0.3320838546875 0.40397037031250005 0.33065937500000003 0.3979518515625 0.3240692703125 0.3970018515625 0.32371770781250003 0.41955555625 0.3224661453125 0.4451481484375 0.31819166718749997 0.4479990734375 0.32032916718750004 0.45718425937499996
1 0.329946875 0.39731851875 0.3333307296875 0.4065046296875 0.33386510468749997 0.40016944375 0.33172812500000004 0.3783129625 0.32471979218749997 0.37824444375 0.3235348953125 0.39921851875000003 0.3265630203125 0.39731851875 0.329946875 0.39731851875
1 0.32032916718750004 0.40016944375 0.32300052031250004 0.400802778125 0.3235348953125 0.3919333328125 0.3244255203125 0.3811638890625 0.3258505203125 0.377996296875 0.3294125 0.377046296875 0.331371875 0.38243055625 0.3333307296875 0.399852778125 0.3372489578125 0.399852778125 0.3365369796875 0.393834259375 0.3347557296875 0.393834259375 0.3279875 0.3599416671875 0.32532031250000004 0.3604388890625 0.3222880203125 0.39003333281249997 0.3210416671875 0.394784259375 0.32032916718750004 0.40016944375
1 0.5475135421874999 0.4260888890625 0.5647895828125 0.4226046296875 0.5630088546875001 0.41531944374999996 0.5589125 0.41531944374999996 0.55535 0.3709740734375 0.5492947921875 0.371290740625 0.5453760421875 0.414052778125 0.5396770828124999 0.4191203703125 0.5475135421874999 0.4260888890625
1 0.5090427078124999 0.4035990734375 0.526140625 0.401065740625 0.5240036453125 0.39473055625 0.5211536453125001 0.39473055625 0.5167010421875 0.3570370375 0.5110177078125 0.3568768515625 0.5111796875 0.393146296875 0.5042338546875 0.39694814843750004 0.5090427078124999 0.4035990734375
1 0.4791208328125 0.37794259218750004 0.48303906249999995 0.37794259218750004 0.49247864531249996 0.3776259265625 0.4919442703125 0.3728740734375 0.48838229218749996 0.3728740734375 0.48571093750000005 0.340565740625 0.48197135468749996 0.3404953703125 0.47858645781250003 0.3728740734375 0.47662760468750004 0.3754083328125 0.4791208328125 0.37794259218750004
0 0.1071390625 0.9990740734375001 0.19049218750000002 0.9103379625000001 0.159003125 0.8823370374999999 0.1358494796875 0.88563055625 0.0867635421875 0.7406851859375 0.0728713546875 0.743978703125 0.06638802031249999 0.7571555562500001 0.06638802031249999 0.9268092593749999 0.0200807296875 0.9990740734375001 0.1071390625 0.9990740734375001