1 0.12421510468750001 0.767825 0.1232890625 0.7826490734375 0.1969182296875 0.7752370375 0.2108104171875 0.7258231484375 0.1918244796875 0.7192351859375 0.1719119796875 0.5841712968749999 0.1473692703125 0.5866416671875 0.14412760468750002 0.7274703703125 0.1385708328125 0.7307648140625 0.12421510468750001 0.767825
0 0.23025937500000002 0.5182870375 0.2194442703125 0.5280851859375 0.2196088546875 0.54299351875 0.2256942703125 0.5410481484375 0.2668427078125 0.537228703125 0.2663796875 0.52158055625 0.255265625 0.510875 0.2444442703125 0.41882592656249995 0.2418401046875 0.41234444375 0.23559010468750002 0.41141851875 0.2348901046875 0.42193055625 0.23211197968750003 0.4433425921875 0.23257500000000003 0.4812268515625 0.23025937500000002 0.5182870375
2 0.5630395828125 0.5021231484374999 0.5662234374999999 0.51859444375 0.6122416671875001 0.5139620375 0.6116625 0.5036675921875 0.6096364578125 0.49543148124999997 0.6026906249999999 0.494402778125 0.5908244796875 0.40123703749999995 0.5823567703125 0.40052685156249995 0.5746166671874999 0.49234351875 0.5699859375 0.49543148124999997 0.5630395828125 0.5021231484374999
2 0.5214109375 0.420728703125 0.5212182296875 0.42965 0.5520895828125 0.4303361109375 0.5542119796875 0.424159259375 0.5517036453124999 0.41489444375 0.5455296875 0.41489444375 0.5405130203125 0.3507259265625 0.5325520828125 0.348422221875 0.5268135421875 0.41558055625 0.52256875 0.4162675921875 0.5214109375 0.420728703125
2 0.5219901046875 0.31366574062499997 0.5179380203124999 0.3126361109375 0.5129213546875 0.36856944375 0.5100270828125 0.37303055625 0.5073260421875 0.3792074078125 0.5115015625 0.3839166671875 0.530865625 0.38298148125 0.5318302078125 0.36719722187500003 0.5291291671875 0.3665111109375 0.5219901046875 0.31366574062499997
2 0.5125354171875001 0.34351944375 0.5092552078125 0.34351944375 0.5042385421875 0.3019990734375 0.5009583328125 0.3023416671875 0.4990291671875 0.3026851859375 0.4953630203125 0.3438629625 0.49246875 0.34798055625 0.48936614531249994 0.34803703750000003 0.49304791718749996 0.3538138890625 0.5148510421875 0.3520981484375 0.514271875 0.34695092656250004 0.5125354171875001 0.34351944375
2 0.4905395828125 0.324303703125 0.48822395781249994 0.3225879625 0.48436510468750005 0.28964537031250004 0.4812776046875 0.288959259375 0.47741875 0.324646296875 0.4739583328125 0.3283611109375 0.4752963546875 0.3328824078125 0.4922760421875 0.3325388890625 0.49246875 0.32601944375 0.4905395828125 0.324303703125
2 0.46763125 0.31838148125 0.4715109375 0.31838148125 0.4782692703125 0.3154879625 0.4781442703125 0.3112583328125 0.47626666718750005 0.2823231484375 0.4726916671875 0.28306111093749997 0.47063489531249997 0.3119259265625 0.46763125 0.3139296296875 0.46763125 0.31838148125
2 0.4726375 0.2736416671875 0.46950833281250004 0.272528703125 0.46725572968750007 0.3003518515625 0.46487760468749995 0.30235555625 0.4641046875 0.30508240781249996 0.47038437499999997 0.3061388890625 0.4731380203125 0.28299074062499996 0.4737635421875 0.2805425921875 0.4726375 0.2736416671875
2 0.4621244796875 0.261622221875 0.46049739531249995 0.261622221875 0.45824427031250003 0.29078055625 0.45699270781249995 0.29411944375 0.45608125 0.29657407343750003 0.4660041671875 0.29634537031249997 0.46725572968750007 0.291003703125 0.46450208281250005 0.2903361109375 0.4621244796875 0.261622221875
1 0.4655036453125 0.2843259265625 0.465128125 0.2867740734375 0.46800677031250004 0.28721944375 0.4696338546875 0.2729740734375 0.4715109375 0.2727518515625 0.47025937500000003 0.2625129625 0.4680463546875 0.26228981406249996 0.46725572968750007 0.2809870375 0.4662541671875 0.28299074062499996 0.4655036453125 0.2843259265625
1 0.46662968749999995 0.2807648140625 0.46800677031250004 0.26206759218750003 0.46800677031250004 0.25850648125000003 0.4662161453125 0.2577851859375 0.46450208281250005 0.28031944375 0.465128125 0.28187777812500003 0.46662968749999995 0.2807648140625
1 0.465128125 0.25783888906249997 0.4658791671875 0.25271944375 0.4641046875 0.25278055625 0.4631255203125 0.270303703125 0.4641265625 0.2745324078125 0.465128125 0.25783888906249997
0 0.2664744796875 0.442203703125 0.2655984375 0.446877778125 0.3000161453125 0.44420648125 0.3005171875 0.43775185156249996 0.29964114531249997 0.43285462968750005 0.2932578125 0.43396759218750003 0.2821192703125 0.354727778125 0.2743526046875 0.35388148125 0.2731078125 0.43508055625 0.2674760421875 0.438197221875 0.2664744796875 0.442203703125
0 0.2960114578125 0.39924444375 0.3205416671875 0.3956833328125 0.3199161453125 0.389896296875 0.3160364578125 0.3896740734375 0.3090276046875 0.3264601859375 0.3036317703125 0.326353703125 0.30076718750000003 0.3903416671875 0.2958864578125 0.391009259375 0.2960114578125 0.39924444375
0 0.3126572921875 0.363409259375 0.3197911453125 0.3631861109375 0.3205416671875 0.35561851875 0.3160364578125 0.35561851875 0.309653125 0.3126601859375 0.3054614578125 0.3115898140625 0.3053979171875 0.3240120375 0.30815156250000003 0.3262370375 0.3126572921875 0.363409259375
0 0.32757864531249997 0.3424296296875 0.34648124999999996 0.3439148140625 0.34648124999999996 0.3399990734375 0.3453421875 0.336084259375 0.3432927078125 0.336084259375 0.3375229171875 0.30071111093749997 0.3332479171875 0.30101851874999996 0.33198125 0.3351388890625 0.3286411453125 0.3371638890625 0.32757864531249997 0.3424296296875
0 0.3425333328125 0.3165074078125 0.34131875 0.32487777812499996 0.3577161453125 0.324202778125 0.3580197921875 0.32001759218750003 0.3541484375 0.32055740781250003 0.349896875 0.287615740625 0.345884375 0.2881166671875 0.3463291671875 0.288965740625 0.3452661453125 0.3148870375 0.3425333328125 0.3165074078125
0 0.3514911453125 0.31083703749999997 0.3652317703125 0.3101620375 0.3651557296875 0.3081370375 0.362575 0.306246296875 0.360525 0.2783 0.35749635468749996 0.27825 0.3559703125 0.30435648125000003 0.3535411453125 0.3051666671875 0.3514911453125 0.31083703749999997
0 0.368040625 0.29895648124999996 0.3653078125 0.29828148125 0.362575 0.2735740734375 0.3607411453125 0.2733925921875 0.3606770828125 0.2845101859375 0.3621192703125 0.29882129687500003 0.368040625 0.29895648124999996
1 0.3646244796875 0.29288055625 0.372215625 0.2926111109375 0.3718364578125 0.2899101859375 0.3691791671875 0.2884259265625 0.3669776046875 0.26776944375 0.3645833328125 0.2665620375 0.3634098953125 0.28235 0.36447239531250003 0.28613055625 0.3646244796875 0.29288055625
1 0.3694828125 0.287075 0.3744932296875 0.2865351859375 0.37244375 0.2639888890625 0.36970625 0.263071296875 0.3697104171875 0.2619638890625 0.36773697968749997 0.2742490734375 0.3694828125 0.287075
1 0.3730510421875 0.2647990734375 0.3750244796875 0.2826203703125 0.3769984375 0.281675 0.3762390625 0.28086481406249997 0.37343020781249997 0.2602083328125 0.37141406250000003 0.260490740625 0.370621875 0.2626388890625 0.3714567703125 0.2634490734375 0.3730510421875 0.2647990734375
1 0.3743416671875 0.2595333328125 0.3748729171875 0.263178703125 0.37661875 0.2780296296875 0.3780614578125 0.27721944375 0.375 0.25866851875 0.3733546875 0.257778703125 0.3732786453125 0.2595333328125 0.3743416671875 0.2595333328125
1 0.6804619796875 0.683196296875 0.6997567703125 0.71956944375 0.76304375 0.7140796296875 0.7665166671875 0.7051574078125 0.7526244796875 0.67701944375 0.7456786453124999 0.67701944375 0.73603125 0.5438777781249999 0.7298567703125001 0.5335833328125 0.7144208328125 0.53426944375 0.6966697921875 0.67015648125 0.6831635421875 0.6729018515625 0.6804619796875 0.683196296875