2 0.6734375 0.59453125 0.0640625 0.16015625
2 0.79375 0.86171875 0.11171875 0.26484375
2 0.56640625 0.453125 0.03046875 0.07421875
0 0.2296875 0.61953125 0.0640625 0.16171875
2 0.60703125 0.503125 0.04140625 0.09453125
0 0.05625 0.8640625 0.1125 0.2703125
0 0.278125 0.51953125 0.03984375 0.09140625
0 0.36796875 0.43046875 0.02578125 0.05703125
0 0.340625 0.46640625 0.03203125 0.071875
2 0.5265625 0.37578125 0.01796875 0.05390625
1 0.4171875 0.36328125 0.01328125 0.03203125
1 0.40234375 0.37890625 0.01484375 0.04140625
0 0.38828125 0.40703125 0.0171875 0.053125
0 0.39765625 0.3984375 0.0140625 0.04453125
2 0.54140625 0.39921875 0.0203125 0.0609375
2 0.5484375 0.42109375 0.0265625 0.06171875
1 0.52734375 0.35703125 0.01328125 0.0390625
1 0.525 0.3703125 0.00859375 0.040625