2 0.9149968749999999 0.8810907406249999 0.9149968749999999 0.8629731484375001 0.9015677078125 0.8572083328125 0.8881385421875001 0.8605018515625 0.8682265625 0.9990740734375001 0.9270369796875 0.9990740734375001 0.9149968749999999 0.8810907406249999
2 0.6292541671875 0.6993416671875 0.6382260421875 0.7271361109375001 0.6946635421875 0.722503703125 0.6900328124999999 0.7106648140625 0.6807713546875 0.6885324078124999 0.6781666671875 0.690590740625 0.6636953125 0.5809546296875 0.6539713546875 0.5810824078125 0.6440145828125 0.6864731484375 0.6359109375 0.6952231484375 0.6292541671875 0.6993416671875
2 0.5623979171875 0.4738925921875 0.5557411453125 0.474922221875 0.5502421875 0.5644833328125001 0.5470583328124999 0.5655129624999999 0.545321875 0.56963055625 0.5413411453125 0.57124444375 0.5505312499999999 0.5809546296875 0.5838151046875 0.5773518515625 0.57310625 0.5613953703125001 0.5623979171875 0.4738925921875
0 0.15962343750000002 0.757953703125 0.1536692703125 0.7756009265625 0.2132078125 0.774425 0.23040781250000003 0.74089444375 0.2168463546875 0.7361879625000001 0.2108921875 0.7338351859375 0.1927 0.62383148125 0.182115625 0.62383148125 0.1728541671875 0.7403055562499999 0.1622692703125 0.7479527781249999 0.15962343750000002 0.757953703125
0 0.23617760468750001 0.6063898140624999 0.2763916671875 0.5968537031250001 0.27249218750000004 0.5886185187499999 0.2683489578125 0.5916518515625 0.2547005203125 0.5201324078125 0.2502739578125 0.520034259375 0.24690104218750003 0.5886185187499999 0.2410520828125 0.59381944375 0.23617760468750001 0.6063898140624999
1 0.2744421875 0.538771296875 0.2973520828125 0.5392046296874999 0.3061260421875 0.5275018515625 0.2980833328125 0.5275018515625 0.2912588546875 0.46898518593749994 0.2807015625 0.4688648140625 0.2780979171875 0.52966851875 0.27371093750000003 0.5331361109375 0.2744421875 0.538771296875
1 0.29832708281250003 0.494559259375 0.3229432296875 0.4936925921875 0.3236744796875 0.4889240734375 0.31684999999999997 0.4863231484375 0.3129505203125 0.43951111093749995 0.305646875 0.4406 0.3024703125 0.48545648124999996 0.29857083281249996 0.4880574078125 0.29832708281250003 0.494559259375
1 0.3275739578125 0.476353703125 0.32927968750000003 0.4715861109375 0.32464895781249997 0.4715861109375 0.31880000000000003 0.42520648124999993 0.3157895828125 0.42646759218749997 0.3144130203125 0.4451453703125 0.31611875 0.473753703125 0.3275739578125 0.476353703125
1 0.3212369796875 0.4113361109375 0.32026197968750003 0.44037777812499995 0.3229432296875 0.457715740625 0.3278177078125 0.4551148140625 0.3341541671875 0.4538148140625 0.3326921875 0.4434120375 0.3270864578125 0.41393703750000005 0.3212369796875 0.4113361109375
1 0.5371760421875 0.5075629625 0.5401010421875 0.5101629625 0.5425380203125 0.5101629625 0.5544807296875 0.5101629625 0.5559432296875 0.47982129687499997 0.5535057296875 0.447746296875 0.5503375 0.4447120375 0.5442442703125 0.4451453703125 0.5415630203124999 0.4997601859375 0.5359578125 0.50149444375 0.5371760421875 0.5075629625
1 0.5447317703125 0.46941851874999996 0.5415630203124999 0.463784259375 0.5391260421874999 0.46508425937500003 0.5352265625 0.425640740625 0.5286458328125 0.42477314843749997 0.5235744796875 0.466915740625 0.5208468749999999 0.47505370312500006 0.5237713546875 0.48198888906250004 0.5442442703125 0.478521296875 0.5447317703125 0.46941851874999996
1 0.5237713546875 0.45078055624999996 0.5201156250000001 0.412203703125 0.5132911453125 0.412203703125 0.5113416671875 0.4512138890625 0.5052083328125 0.4547324078125 0.5089041671875 0.4624833328125 0.5249901046875001 0.4603166671875 0.5266963546875 0.45338148125 0.5237713546875 0.45078055624999996
1 0.5123166671875 0.41957222187500004 0.5086604171875 0.39529907343750004 0.5050046874999999 0.3965990734375 0.5023239578124999 0.4321416671875 0.49780677031250004 0.432315740625 0.5003739578124999 0.43951111093749995 0.5108541671875 0.4382101859375 0.5130473953125 0.4304083328125 0.5123166671875 0.41957222187500004