2 0.7046875 0.465625 0.03515625 0.07890625
2 0.61328125 0.51640625 0.04375 0.1
2 0.77734375 0.66953125 0.09296875 0.1765625
2 0.8421875 0.415625 0.02265625 0.05078125
2 0.7765625 0.453125 0.03046875 0.0609375
0 0.3296875 0.51328125 0.04765625 0.10625
2 0.86875 0.44140625 0.025 0.059375
0 0.11640625 0.859375 0.1625 0.27890625
1 0.72578125 0.38671875 0.01328125 0.0296875
1 0.70546875 0.39453125 0.0140625 0.03203125
0 0.5140625 0.41640625 0.02109375 0.0515625
0 0.60390625 0.41171875 0.021875 0.05
0 0.02890625 0.0375 0.0578125 0.075
1 0.85 0.39921875 0.01484375 0.03046875
0 0.42265625 0.44140625 0.02265625 0.071875
0 0.6890625 0.403125 0.0140625 0.0453125