0 0.192503125 0.863372221875 0.1837046875 0.8823138890625 0.2540921875 0.8798435187500001 0.2735416671875 0.8320768515625 0.25733385468750003 0.8279592593749999 0.2485354171875 0.8197240734375001 0.23140156250000002 0.70113148125 0.2281598953125 0.6945425921874999 0.21614583281250002 0.7019546296875 0.20917395781249998 0.8329009265625 0.1966708328125 0.847725 0.192503125 0.863372221875
0 0.29623229218749997 0.6665416671875 0.34022447968749997 0.6574824078125 0.3397609375 0.6344231484375 0.3318890625 0.6434824078125 0.320775 0.5578324078125 0.3098958328125 0.5575101859375 0.30456770781250003 0.6451296296875 0.2966953125 0.6459527781250001 0.29623229218749997 0.6665416671875
0 0.3461822921875 0.5592379625 0.3453552078125 0.5692379625 0.37694375 0.5668851859374999 0.3797552078125 0.5571787031250001 0.3774395828125 0.55335555625 0.3713203125 0.5530611109375 0.36288593750000003 0.49335277812499995 0.35974375 0.493647221875 0.3582552078125 0.4939416671875 0.3534588546875 0.55335555625 0.3461822921875 0.5592379625
0 0.36817812499999997 0.512471296875 0.3928203125 0.5089416671875 0.39050520781250003 0.5045296296874999 0.3850473953125 0.5027648140625 0.3777703125 0.459528703125 0.37593020781250003 0.46035462968749996 0.37347031249999996 0.5042361109375 0.3691703125 0.50511851875 0.36817812499999997 0.512471296875
1 0.3820703125 0.48276481406249994 0.3989395828125 0.483352778125 0.40257812499999995 0.47747037031249995 0.40075885468749994 0.47629351875000003 0.3971203125 0.47629351875000003 0.3921588546875 0.4359981484375 0.3880208328125 0.43588333281249997 0.3863703125 0.47129351875000003 0.3848817703125 0.4715879625 0.3820703125 0.48276481406249994
1 0.3957973953125 0.454528703125 0.3957973953125 0.459528703125 0.4101859375 0.459528703125 0.4106817703125 0.4557046296875 0.4058859375 0.453646296875 0.40075885468749994 0.42040925937500007 0.3982515625 0.42034074062500004 0.3979473953125 0.42040925937500007 0.3972859375 0.4533518515625 0.3957973953125 0.454528703125
1 0.4012552078125 0.4195268515625 0.4057203125 0.4507046296875 0.41531250000000003 0.4507046296875 0.4131322921875 0.44448148125 0.41084739531250003 0.44276296249999997 0.40439739531249996 0.41423240781250004 0.40208177031250003 0.41423240781250004 0.4012552078125 0.4195268515625
1 0.4063817703125 0.405409259375 0.4058859375 0.4145268515625 0.41034218750000007 0.43720648124999995 0.4161395828125 0.4377629625 0.41332812499999994 0.430703703125 0.40836666718750003 0.40423240781249997 0.4063817703125 0.405409259375
2 0.7367802078125 0.8038703703125 0.8017760421875 0.800109259375 0.7944994796875 0.78334444375 0.7930109375 0.7689324078124999 0.7880494796875 0.7642259265625 0.7815994796875 0.7612851859374999 0.7678723953125 0.63628055625 0.7652265625 0.6327509265625 0.7556338546875 0.629809259375 0.7527901046875 0.6329731484375001 0.740253125 0.75328055625 0.721234375 0.7698148140625001 0.7367802078125 0.8038703703125
2 0.6384380203125 0.6105231484375 0.6319885421875 0.6155231484375 0.6376114578125 0.6317 0.6806109375 0.6281703703125 0.6763109375 0.6164055562499999 0.67316875 0.6111111109375 0.66886875 0.6111111109375 0.6599380203125 0.5258138890625 0.6504838546875 0.5248379625 0.6419114578125 0.6058166671875 0.6402572921874999 0.6058166671875 0.6384380203125 0.6105231484375
2 0.6219 0.5281666671874999 0.6180958328124999 0.5290490734375 0.6113151046875 0.47022407343749995 0.6056921875 0.47022407343749995 0.6003999999999999 0.5316962968750001 0.5935640624999999 0.5350898140625 0.5962651046875 0.546990740625 0.6265307296875 0.54434444375 0.62405 0.5334611109375 0.6219 0.5281666671874999
2 0.5589734375 0.4913120375 0.5626119796875 0.4977833328125 0.583615625 0.4948416671875 0.5832848953124999 0.4904296296875 0.5811348953125 0.48690092656250006 0.5765041671875 0.4830768515625 0.5718734375000001 0.43248703749999995 0.5672427078125 0.4310166671875 0.5641005203125 0.48513611093750003 0.5617848953125 0.48601851875 0.5589734375 0.4913120375
1 0.5823734375 0.4590351859375 0.5781203125000001 0.45735462968749996 0.5779317703125 0.4534888890625 0.5748130203125 0.4178574078125 0.569834375 0.41782129687499997 0.5683744203125001 0.4312405609375 0.5690479171875 0.4307990734375 0.5719776046875 0.4323120375 0.5756635421875 0.4637416671875 0.5847359375 0.4635731484375 0.5838854171875 0.46088425937500005 0.5823734375 0.4590351859375
1 0.55600625 0.44794259218750004 0.5659291671875 0.447102778125 0.5666854171875 0.4388666671875 0.5650786453125 0.4168490734375 0.5639447921875 0.4074370375 0.5600552078125001 0.408184259375 0.5589359375 0.44155555625 0.5546833328125 0.4432370375 0.55600625 0.44794259218750004
1 0.5561953125 0.3992018515625 0.5514703125 0.3995379625 0.5492963546875 0.4316398140625 0.54645 0.4329388890625 0.5475953125 0.43819444374999994 0.5577072921874999 0.43685 0.5592192703125 0.42004259218750006 0.5561953125 0.3992018515625
1 0.5496744796875 0.389453703125 0.5478786453125 0.3901259265625 0.5465557296875 0.39029351874999996 0.544665625 0.41953796250000003 0.5423041671875 0.4204666671875 0.5432479171875 0.425421296875 0.5494854171875 0.42373981406250005 0.5516588546875 0.40121851875000003 0.5496744796875 0.389453703125