1 0.621875 0.60703125 0.0640625 0.1390625
1 0.21484375 0.61953125 0.07421875 0.15625
0 0.30625 0.45546875 0.03671875 0.090625
2 0.5265625 0.46640625 0.0328125 0.07578125
0 0.34296875 0.4109375 0.02578125 0.06171875
2 0.29375 0.353125 0.01328125 0.0296875
2 0.12265625 0.33671875 0.01484375 0.02578125
2 0.234375 0.34453125 0.0140625 0.02890625
2 0.45546875 0.38828125 0.02109375 0.046875
2 0.49453125 0.41875 0.02421875 0.0515625
2 0.4046875 0.37421875 0.01484375 0.0359375
0 0.3125 0.38359375 0.0203125 0.04921875
1 0.4578125 0.34140625 0.01015625 0.01875
2 0.33125 0.36171875 0.01484375 0.03125
0 0.1484375 0.353125 0.01640625 0.03359375
0 0.06015625 0.34453125 0.01484375 0.03984375
0 0.21171875 0.3609375 0.0171875 0.034375
1 0.40546875 0.33828125 0.01015625 0.01796875
0 0.2625 0.36953125 0.0171875 0.0359375
1 0.00390625 0.33125 0.00703125 0.02890625
2 0.171875 0.340625 0.0140625 0.03125