1 0.6671875 0.58359375 0.07890625 0.1640625
1 0.1671875 0.65390625 0.1015625 0.215625
0 0.4421875 0.37734375 0.02421875 0.0640625
0 0.3609375 0.43046875 0.04453125 0.1015625
2 0.52421875 0.34296875 0.01796875 0.0359375
2 0.48359375 0.33515625 0.01171875 0.028125
2 0.59609375 0.41640625 0.040625 0.109375
0 0.47265625 0.35859375 0.02109375 0.046875
0 0.3296875 0.3265625 0.01171875 0.03203125
2 0.42890625 0.32578125 0.01171875 0.0296875
0 0.3046875 0.31875 0.01015625 0.02421875
2 0.38671875 0.33046875 0.01484375 0.03671875
0 0.35625 0.31015625 0.00859375 0.021875
0 0.4234375 0.34140625 0.01640625 0.040625
2 0.59609375 0.36171875 0.025 0.03671875