2 0.57578125 0.44921875 0.0359375 0.08046875
0 0.1625 0.678125 0.08125 0.2015625
2 0.62109375 0.5109375 0.05234375 0.1265625
2 0.684375 0.65703125 0.07421875 0.1796875
2 0.54296875 0.41328125 0.02578125 0.065625
0 0.26328125 0.534375 0.05078125 0.1296875
1 0.51015625 0.353125 0.01484375 0.04609375
0 0.3421875 0.4296875 0.02890625 0.06640625
1 0.40703125 0.34140625 0.0140625 0.03515625
0 0.38046875 0.37734375 0.01953125 0.0453125
0 0.3640625 0.3984375 0.02421875 0.05390625
1 0.51640625 0.34296875 0.015625 0.046875
0 0.29140625 0.4640625 0.03359375 0.0859375
2 0.52265625 0.36953125 0.01484375 0.06484375
2 0.52734375 0.38984375 0.01953125 0.05
1 0.396875 0.3515625 0.01171875 0.040625