0 0.2421875 0.64765625 0.0828125 0.18046875
2 0.72421875 0.64296875 0.08515625 0.1765625
2 0.8359375 0.52109375 0.05859375 0.11875
2 0.92421875 0.49296875 0.04453125 0.084375
2 0.98046875 0.43515625 0.02890625 0.0609375
1 0.78984375 0.40703125 0.01484375 0.03671875
1 0.80625 0.39921875 0.01171875 0.02890625
0 0.55234375 0.44921875 0.02578125 0.0640625
0 0.42890625 0.490625 0.03203125 0.0765625
1 0.96875 0.41953125 0.01796875 0.04921875
0 0.77421875 0.4234375 0.02109375 0.05546875
0 0.66328125 0.4390625 0.021875 0.06015625
1 0.975 0.42890625 0.01640625 0.06484375