2 0.60859375 0.41328125 0.03046875 0.0640625
0 0.28984375 0.56171875 0.0640625 0.1515625
1 0.9125 0.92890625 0.15703125 0.140625
0 0.4484375 0.390625 0.02109375 0.05859375
2 0.45703125 0.353125 0.01796875 0.03359375
0 0.41171875 0.43203125 0.03046875 0.08125
0 0.28359375 0.35859375 0.01328125 0.034375
0 0.25234375 0.3546875 0.01328125 0.0296875
2 0.62109375 0.515625 0.05859375 0.11796875
2 0.50546875 0.36328125 0.01796875 0.03828125
2 0.39609375 0.33671875 0.01328125 0.03671875
2 0.371875 0.3359375 0.01171875 0.025
0 0.35078125 0.35703125 0.01328125 0.04609375
0 0.3890625 0.37109375 0.01796875 0.04296875
1 0.31875 0.33125 0.01015625 0.02109375
1 0.38046875 0.328125 0.0078125 0.02421875
2 0.5875 0.38203125 0.01484375 0.0453125
0 0.29140625 0.340625 0.01640625 0.03671875