1 0.4890625 0.315625 0.01171875 0.0234375
1 0.43046875 0.31171875 0.0109375 0.0203125
2 0.5911473953125 0.653777778125 0.6031869796875 0.6924851859375 0.6555145828125 0.6957796296875001 0.6545885421875 0.685897221875 0.6508838546875 0.6603666671874999 0.6457901046875001 0.6488370375 0.6416223953125 0.6546018515625 0.6369916671875 0.5598925921875 0.6365286453125 0.5475388890625 0.6393067703125 0.5458916671875 0.6260416671875 0.5454731484375 0.6082807296875 0.638953703125 0.5916104171875001 0.6496601859375 0.5911473953125 0.653777778125
0 0.1540041671875 0.6760138890625 0.1526151046875 0.685897221875 0.2109625 0.6883675921875 0.23643177031249998 0.6455425921875 0.23365312500000002 0.6381305562499999 0.2243916671875 0.6373074078125 0.22022395781249998 0.63071851875 0.2137411453125 0.6381305562499999 0.1924395828125 0.51295 0.17762083281250002 0.5121259265625 0.1748427078125 0.643072221875 0.168359375 0.6488370375 0.1540041671875 0.6760138890625
0 0.3045802078125 0.4763611109375 0.30240104218749997 0.47926759218750004 0.2985875 0.48508148125000006 0.29749791718749996 0.4923481484375 0.32855104218750003 0.4928324078125 0.3375401046875 0.4782990734375 0.332909375 0.4753925921875 0.32855104218750003 0.4763611109375 0.3255546875 0.46909444375 0.316565625 0.40272500000000006 0.3109682296875 0.40147685156249996 0.3081213546875 0.4749083328125 0.3059421875 0.4763611109375 0.3045802078125 0.4763611109375
2 0.5314869796874999 0.4768453703125 0.5323041671875 0.4923481484375 0.5628124999999999 0.4923481484375 0.5609057296875 0.48023703749999996 0.5589989578125001 0.4782990734375 0.5551854171875 0.4768453703125 0.5516442703125 0.41774351875000004 0.5450369796875 0.4161824078125 0.5380244796875 0.47054814843750004 0.5353005203125 0.4734546296875 0.5314869796874999 0.4768453703125
2 0.47876041718750006 0.42404351875 0.5003708328124999 0.42472962968749994 0.4992130203125 0.41580833281249996 0.4974765625 0.40860185156249995 0.4941963546875 0.4072296296875 0.491109375 0.36639444375 0.4880640625 0.36616944375 0.4826197921875 0.408259259375 0.48011145781250003 0.4120333328125 0.47876041718750006 0.42404351875
0 0.2816114578125 0.4118611109375 0.2877307296875 0.4192138890625 0.3080536453125 0.418625 0.3066640625 0.40915462968750005 0.3039380203125 0.4065666671875 0.30178802031249996 0.4074490734375 0.2948421875 0.3565648140625 0.2896203125 0.3568490734375 0.2887229171875 0.40686111093750005 0.28525 0.4074490734375 0.2816114578125 0.4118611109375
2 0.41375312500000005 0.386272221875 0.4307875 0.386272221875 0.4297953125 0.3803898140625 0.4274802078125 0.38009537031249996 0.42665312499999997 0.3777425921875 0.42466875000000004 0.357447221875 0.4235109375 0.3480351859375 0.4198286453125 0.3475898140625 0.4185494796875 0.3792129625 0.4150760421875 0.380977778125 0.41375312500000005 0.386272221875
2 0.33008125 0.3601879625 0.3378958328125 0.36070277812499996 0.3433947921875 0.3583870375 0.3431052078125 0.35426851875 0.34079010468750004 0.35426851875 0.3365932296875 0.327502778125 0.3347984375 0.32757870312500004 0.3326864578125 0.355040740625 0.330515625 0.3560703703125 0.33008125 0.3601879625
2 0.2897619796875 0.3498583328125 0.3019177078125 0.349240740625 0.3020333328125 0.3449166671875 0.3004125 0.3449166671875 0.2991390625 0.34326944375 0.2960135421875 0.320415740625 0.29244791718749996 0.320396296875 0.29161458281249997 0.3451231484375 0.290340625 0.34553425937500004 0.2897619796875 0.3498583328125
0 0.2360453125 0.3823888890625 0.2558416671875 0.3821833328125 0.2561890625 0.37909444375 0.2559578125 0.3758 0.25132656249999996 0.3762120375 0.2464645828125 0.3430638890625 0.24244791718749997 0.3423870375 0.24032864531250003 0.37662407343750004 0.2365083328125 0.377859259375 0.2360453125 0.3823888890625
2 0.224728125 0.34025 0.2385046875 0.34004444375 0.2391989578125 0.3375731484375 0.2374625 0.33654444375 0.23433697968749997 0.3340731484375 0.232484375 0.31204351875 0.2308635421875 0.3108074078125 0.2290364578125 0.31067407343750003 0.2292432296875 0.3355148140625 0.22704322968750001 0.3361324078125 0.224728125 0.34025
2 0.1621635421875 0.3330324078125 0.1720036453125 0.33385555624999996 0.1745505203125 0.332002778125 0.1735088546875 0.3287083328125 0.17165625 0.3287083328125 0.168878125 0.3097666671875 0.1647135421875 0.3095166671875 0.16482604218750002 0.32932592656250004 0.1622791671875 0.32932592656250004 0.1621635421875 0.3330324078125
0 0.1174765625 0.3534148140625 0.13368437500000002 0.35114999999999996 0.13356874999999999 0.3490916671875 0.1304427078125 0.3480620375 0.12407552031249999 0.31964907343750004 0.120703125 0.321553703125 0.1200234375 0.349297221875 0.11736093750000001 0.3503268515625 0.1174765625 0.3534148140625
2 0.10844687500000001 0.328502778125 0.1204864578125 0.328090740625 0.12025520781250001 0.3258259265625 0.11851875 0.3258259265625 0.1138880203125 0.30153148125 0.1108072921875 0.3002574078125 0.1108776046875 0.3258259265625 0.1087942703125 0.3258259265625 0.10844687500000001 0.328502778125
0 0.0189015625 0.3470666671875 0.037192707812499996 0.34583148124999996 0.0366140625 0.34109537031250003 0.0333723953125 0.34109537031250003 0.025616145312499998 0.315771296875 0.023567707812499998 0.3155351859375 0.0230692703125 0.3425370375 0.0194802078125 0.3435666671875 0.0189015625 0.3470666671875
2 0.0347619796875 0.3270953703125 0.0473807296875 0.326477778125 0.0469171875 0.32380092656250004 0.0451807296875 0.322977778125 0.039508332812500005 0.2982703703125 0.03671875 0.2981740734375 0.0370770828125 0.32483055625 0.0347619796875 0.3250361109375 0.0347619796875 0.3270953703125
0 0.1851479171875 0.36469444375000004 0.20325000000000001 0.3602018515625 0.19861875 0.35795555625 0.1939880203125 0.33250092656249997 0.18939375 0.3325851859375 0.1880947921875 0.3564583328125 0.1847265625 0.35945370312499997 0.1851479171875 0.36469444375000004