2 0.6515625 0.53984375 0.06015625 0.1609375
2 0.496875 0.39296875 0.03359375 0.0765625
2 0.375 0.3359375 0.0234375 0.0546875
1 0.59375 0.27109375 0.01171875 0.02578125
2 0.07109375 0.290625 0.01796875 0.03828125
2 0.14609375 0.2890625 0.01640625 0.0390625
2 0.26328125 0.303125 0.01796875 0.04609375
1 0.521875 0.26953125 0.01171875 0.0234375
2 0.3328125 0.31640625 0.02109375 0.04609375
2 0.2 0.29453125 0.01484375 0.0359375
1 0.0203125 0.290625 0.01640625 0.03203125
0 0.2078125 0.39609375 0.03046875 0.09296875
0 0.109375 0.328125 0.02421875 0.0515625
0 0.171875 0.34609375 0.02578125 0.05703125
0 0.0109375 0.32109375 0.02109375 0.04453125
0 0.971875 0.11328125 0.0546875 0.2265625
0 0.209375 0.49609375 0.05703125 0.14375