2 0.5703125 0.47890625 0.03203125 0.09140625
2 0.6234375 0.54296875 0.04140625 0.0953125
0 0.0609375 0.93515625 0.11484375 0.128125
2 0.69375 0.646875 0.06328125 0.1453125
0 0.259375 0.68515625 0.06171875 0.14296875
2 0.88359375 0.88203125 0.11640625 0.23359375
0 0.3265625 0.56796875 0.04140625 0.09375
1 0.36875 0.47890625 0.02421875 0.053125
1 0.5453125 0.4234375 0.01328125 0.03671875
1 0.39375 0.43671875 0.0140625 0.0390625
1 0.55859375 0.44453125 0.01640625 0.046875
1 0.58203125 0.7234375 0.01328125 0.028125
0 0.3546875 0.51015625 0.021875 0.06796875