1 0.3609375 0.27421875 0.00625 0.03125
1 0.096025 0.8197462968749999 0.0969510421875 0.8444527781250001 0.173821875 0.8411592593749999 0.1979015625 0.7884509265624999 0.1886401046875 0.7736268515625 0.173821875 0.786803703125 0.14696354218750002 0.627034259375 0.12291666718750001 0.6242796296875001 0.1164005203125 0.7851574078125 0.11176979218750001 0.7917453703125 0.096025 0.8197462968749999
1 0.7193239578124999 0.7719796296875 0.7823026046875 0.755509259375 0.7711885421875 0.7258611109374999 0.7619270828125 0.7209194437499999 0.7498869796875 0.5710324078125 0.725 0.5705759265625 0.7137671875 0.717625 0.6906135421874999 0.7308018515625 0.7193239578124999 0.7719796296875
0 0.2018942703125 0.563159259375 0.2512890625 0.5617861109375 0.25669166718750003 0.5494333328125001 0.2539901046875 0.537765740625 0.2451145828125 0.5391388890625 0.2277494796875 0.4245268515625 0.2191838546875 0.4252398140625 0.2142432296875 0.5370796296875 0.20806874999999997 0.54325648125 0.2018942703125 0.563159259375
0 0.2563057296875 0.459527778125 0.2902645828125 0.451978703125 0.29180833281249996 0.4444296296875 0.281775 0.43688055625000005 0.2694260421875 0.3600148140625 0.2630208328125 0.36119722187500003 0.2605505203125 0.44648888906249995 0.2559197921875 0.4478611109375 0.2563057296875 0.459527778125
0 0.2871776046875 0.4053101859375 0.3141901046875 0.405997221875 0.30917343750000004 0.39638888906249997 0.3049286453125 0.3895259265625 0.2995260421875 0.3332490734375 0.2951390625 0.334190740625 0.29180833281249996 0.39432962968749996 0.2860197921875 0.395015740625 0.2871776046875 0.4053101859375
0 0.3014557296875 0.31471944375 0.2979822921875 0.31471944375 0.296825 0.3332490734375 0.2987541671875 0.3339351859375 0.3042536453125 0.3642833328125 0.3138041671875 0.36481851875000004 0.31187447968750004 0.36070092656249997 0.30685833281249997 0.36070092656249997 0.3014557296875 0.31471944375
0 0.3206375 0.3425398140625 0.33931458281250004 0.34116759218750004 0.33946875 0.3362259265625 0.3353015625 0.3373240734375 0.3302072921875 0.2983425921875 0.3263890625 0.2981824078125 0.3238786453125 0.3340296296875 0.3206375 0.338971296875 0.3206375 0.3425398140625
0 0.3427104171875 0.2857148140625 0.33885156250000004 0.2862638890625 0.3368447921875 0.3150879625 0.33391197968749997 0.3159111109375 0.3332947921875 0.32277407343750003 0.334375 0.32133055625 0.3502739578125 0.32277407343750003 0.34965677031250003 0.31920555625 0.3465692703125 0.31920555625 0.3427104171875 0.2857148140625
0 0.3528984375 0.2752824078125 0.3498109375 0.2755574078125 0.34780416718749996 0.3019111109375 0.3459520828125 0.30465648125 0.3458333328125 0.3083675921875 0.3603072921875 0.3076759265625 0.358609375 0.30493055625 0.3561395828125 0.30493055625 0.3528984375 0.2752824078125
1 0.36484375 0.2703125 0.00546875 0.025
1 0.3671875 0.26796875 0.0046875 0.02265625
1 0.36796875 0.2640625 0.0046875 0.021875
2 0.46875 0.2984375 0.01328125 0.0375
2 0.4640625 0.284375 0.00703125 0.0375
1 0.4578125 0.259375 0.00234375 0.025
1 0.46015625 0.2640625 0.00390625 0.02265625
1 0.4609375 0.2671875 0.0046875 0.02265625
1 0.4625 0.27109375 0.00703125 0.02734375
2 0.5664947921875 0.5129759265625 0.5630984375 0.5135240734375001 0.5680380203125 0.5324666671875 0.6118760421875 0.529172221875 0.613728125 0.525877778125 0.6132651046875 0.5192898140625 0.6111041671875 0.511053703125 0.6087885421875 0.5066611109375 0.6021515625 0.5061120375 0.5915005203125 0.4135990734375 0.5810765625000001 0.414540740625 0.5737494796875 0.5072101859375 0.5697359375 0.5088574078125 0.5664947921875 0.5129759265625
2 0.5186411453125 0.43629351875 0.5516739578125 0.434372221875 0.5495130203125 0.42201851875 0.5448822921875001 0.42201851875 0.536546875 0.3566833328125 0.5298609375 0.3568240734375 0.5241984375000001 0.42229351875 0.5191046874999999 0.42448981406249997 0.5186411453125 0.43629351875
2 0.5280572921875 0.3676638890625 0.5252786453125 0.3676638890625 0.5194130203125 0.313584259375 0.5152453125 0.31413240781249996 0.5109234375 0.370684259375 0.5076817703125001 0.37233055625 0.5073734375 0.3769981484375 0.5045140625 0.3778120375 0.5067557296875 0.388527778125 0.5272854171875 0.3857824078125 0.5292921875000001 0.37260555625 0.5280572921875 0.3676638890625
2 0.5049036453125 0.34213425937499997 0.4998098953125 0.30095555625000003 0.49595052031250003 0.30095555625000003 0.4916286453125 0.3446046296875 0.48946770781250004 0.3476240734375 0.48628489531249997 0.35034259218749997 0.4886958328125 0.3542129625 0.5081447921875 0.3533888890625 0.5079906249999999 0.3459768515625 0.5049036453125 0.34213425937499997
2 0.479434375 0.2872296296875 0.4757296875 0.28695555625 0.4721796875 0.32456481406250004 0.4703270828125 0.3256629625 0.4681661453125 0.32676111093750004 0.4690973953125 0.33028148125 0.48730677031249997 0.331152778125 0.4874609375 0.3253879625 0.4846822921875 0.32483888906249997 0.479434375 0.2872296296875
2 0.4744947921875 0.305897221875 0.4715619796875 0.2784453703125 0.46785729218750005 0.277622221875 0.4646161453125 0.3089166671875 0.4614583328125 0.31083703749999997 0.4621463546875 0.3179759265625 0.47248802031250003 0.31770185156249997 0.47434062499999996 0.3119370375 0.4744947921875 0.305897221875
2 0.46693125 0.2699351859375 0.464153125 0.2688370375 0.4621463546875 0.2962888890625 0.4592015625 0.2981824078125 0.46044843750000003 0.302053703125 0.46446145781250003 0.302053703125 0.4675489578125 0.27871944375 0.46693125 0.2699351859375
2 0.4538109375 0.28695555625 0.45180416718750005 0.288053703125 0.4511869796875 0.2924453703125 0.4615286453125 0.2927203703125 0.461065625 0.2907990734375 0.4605901046875 0.28830555625 0.45643489531250003 0.2567583328125 0.4539651046875 0.2567583328125 0.4538109375 0.28695555625
0 0.3556640625 0.275296296875 0.3546875 0.27133055625 0.3550463546875 0.2947870375 0.35998593749999996 0.2961601859375 0.3556640625 0.275296296875