2 0.91875 0.4296875 0.05546875 0.12109375
0 0.39765625 0.5640625 0.04921875 0.11875
0 0.04921875 0.95703125 0.09765625 0.08359375
0 0.546875 0.45390625 0.03515625 0.08203125
2 0.97421875 0.553125 0.05 0.2703125
1 0.76875 0.31640625 0.01953125 0.04296875
1 0.7484375 0.30625 0.01796875 0.0359375
2 0.8109375 0.328125 0.02578125 0.06328125
1 0.79375 0.328125 0.0234375 0.05
1 0.61328125 0.34921875 0.0203125 0.06015625
0 0.63828125 0.38515625 0.02109375 0.0515625
2 0.934375 0.34921875 0.03828125 0.09765625