0 0.033971875 0.90259351875 0.0197234375 0.9323675921874999 0.1055703125 0.9273 0.1401229171875 0.8683833328125001 0.1351359375 0.8645824078125001 0.1244494796875 0.86585 0.1162567703125 0.8531796296874999 0.10521406250000001 0.8538129624999999 0.0817041671875 0.701771296875 0.0774296875 0.701771296875 0.0699489578125 0.701771296875 0.0637020828125 0.70663148125 0.0500010421875 0.8671166671874999 0.0375338546875 0.8873888890625 0.033971875 0.90259351875
0 0.1796619796875 0.633352778125 0.2313130203125 0.6206833328125 0.2295317703125 0.6156148140625 0.22668229218749997 0.61118055625 0.21920156249999997 0.61118055625 0.2003223953125 0.52185555625 0.1963140625 0.521446296875 0.19212968749999998 0.61308055625 0.1835807296875 0.6187824078124999 0.1796619796875 0.633352778125
2 0.70998125 0.7853546296875 0.7035692703125 0.7948574078124999 0.6918145828125 0.793590740625 0.7185302078125 0.839202778125 0.7951161453125 0.83666851875 0.7797989578125 0.78725555625 0.76804375 0.77901944375 0.7534390625 0.633947221875 0.7463151046875 0.626978703125 0.7423963546875 0.6295120375 0.739546875 0.6307796296875 0.7359848953125 0.6396481484375001 0.7178177078125 0.7821870375 0.70998125 0.7853546296875
2 0.5635598953125001 0.5761611109375 0.5538354171875 0.5823379625 0.5670333328125 0.5975731484375 0.6135723953125 0.5885138890625 0.6010692703125 0.5724546296875 0.59574375 0.5745138890625 0.5850932296875 0.46539259218750006 0.5752604171875 0.46486666718749997 0.5712010421875 0.5675138890625 0.5633286453124999 0.5687490734375 0.5635598953125001 0.5761611109375
1 0.2318723953125 0.5355666671875 0.26150937500000004 0.5351546296875 0.2719286453125 0.5203314812500001 0.26243541718749996 0.5211546296875 0.2536369796875 0.45156388906249995 0.24296875 0.4528296296875 0.2397447921875 0.5228018515625 0.23164114531250002 0.5306259265625 0.2318723953125 0.5355666671875
1 0.27007604218750003 0.47709444375 0.29438749999999997 0.475447221875 0.2950822921875 0.46927037031249996 0.2895255203125 0.4676231484375 0.2825791671875 0.415327778125 0.2763020828125 0.41625555625 0.27331770781250003 0.4655648140625 0.2693817703125 0.46803518593750004 0.27007604218750003 0.47709444375
1 0.2920723953125 0.45238703750000003 0.302028125 0.45238703750000003 0.3045755203125 0.4478583328125 0.3034177078125 0.44373981406249996 0.2980921875 0.443328703125 0.2946192703125 0.3992675921875 0.2888020828125 0.394496296875 0.28489479218749997 0.433034259375 0.2862838546875 0.45238703750000003 0.2920723953125 0.45238703750000003
1 0.3022598953125 0.3799148140625 0.2985552078125 0.38115 0.2964713546875 0.4140916671875 0.2973973953125 0.4260333328125 0.3005208328125 0.42921851875000006 0.3103635421875 0.42726851874999994 0.3131421875 0.42150370312499996 0.3075854171875 0.4194453703125 0.3022598953125 0.3799148140625
1 0.5438031249999999 0.4928324078125 0.5493604171875 0.50065648125 0.5750609375 0.4940675921875 0.5729770828125 0.4850083328125 0.5692723953125001 0.4850083328125 0.563715625 0.4191240734375 0.5565104171875 0.4213481484375 0.5500546875000001 0.48624351875 0.5419510421875 0.48665555625 0.5438031249999999 0.4928324078125
1 0.5433401046874999 0.45124259218749996 0.5366255203125 0.395240740625 0.5322265625 0.395240740625 0.5299109375 0.4014175921875 0.5269010421875 0.4491833328125 0.5213541671875 0.4486629625 0.5229651046875 0.4615370375 0.5514442703125 0.45865462968750004 0.548665625 0.452065740625 0.5433401046874999 0.45124259218749996
1 0.5082989578125 0.4360731484375 0.5273223953125 0.43562777812500003 0.5280734375 0.4329574078125 0.5289494796875001 0.4273925921875 0.5243187500000001 0.42806018593750006 0.5198130203125 0.38198518593749997 0.5139359375 0.3809083328125 0.5095500000000001 0.428727778125 0.5055453125 0.43162129687500006 0.5082989578125 0.4360731484375
1 0.5105515625 0.40335370312499996 0.5054203125 0.3632888890625 0.501665625 0.36395648125 0.5006640625000001 0.36573703750000003 0.4976604171875 0.40468888906249995 0.4921171875 0.40318055625 0.49653385468750005 0.4124796296875 0.5114276046875 0.41092129687499995 0.512053125 0.4049111109375 0.5105515625 0.40335370312499996