0 0.2140625 0.72890625 0.07734375 0.2640625
2 0.24140625 0.346875 0.01796875 0.0453125
2 0.47265625 0.453125 0.04140625 0.0890625
0 0.18046875 0.47421875 0.04609375 0.096875
2 0.72890625 0.59609375 0.06796875 0.15390625
0 0.13046875 0.4265625 0.0375 0.0734375
1 0.22890625 0.315625 0.01171875 0.025
0 0.075 0.35078125 0.0203125 0.04296875
2 0.38359375 0.3984375 0.02890625 0.0609375
2 0.2078125 0.36640625 0.0234375 0.0484375
0 0.03515625 0.39765625 0.03203125 0.06171875
2 0.28515625 0.37578125 0.02265625 0.05390625
0 0.14921875 0.33828125 0.01640625 0.0359375
2 0.3109375 0.31875 0.0125 0.03125
0 0.94375 0.0390625 0.109375 0.078125
1 0.31484375 0.315625 0.01328125 0.03046875
2 0.275 0.34375 0.01796875 0.04921875
2 0.3203125 0.32734375 0.0125 0.0328125
0 0.21484375 0.32421875 0.0171875 0.04140625
0 0.01875 0.37421875 0.0203125 0.0484375