1 0.765625 0.86796875 0.12109375 0.253125
1 0.06796875 0.8828125 0.1359375 0.23125
0 0.2859375 0.50078125 0.0484375 0.11640625
2 0.47890625 0.38828125 0.02109375 0.0546875
2 0.30546875 0.34140625 0.01328125 0.03125
0 0.34453125 0.42265625 0.03203125 0.075
2 0.56796875 0.51328125 0.04296875 0.103125
2 0.52421875 0.42890625 0.0265625 0.06171875
2 0.13203125 0.32578125 0.0125 0.03125
2 0.18359375 0.33046875 0.01328125 0.028125
2 0.24375 0.33359375 0.0140625 0.03046875
2 0.421875 0.36328125 0.01953125 0.05078125
0 0.215625 0.3515625 0.01796875 0.0359375
2 0.34296875 0.34921875 0.01484375 0.034375
1 0.48046875 0.32421875 0.01171875 0.01953125
0 0.26796875 0.36484375 0.01953125 0.0390625
0 0.0609375 0.33203125 0.01796875 0.04609375
0 0.31640625 0.38203125 0.02265625 0.05390625
1 0.00859375 0.32265625 0.01328125 0.025
1 0.42421875 0.32265625 0.01484375 0.0234375
0 0.15078125 0.34609375 0.01640625 0.03359375
2 0.0640625 0.31484375 0.01015625 0.028125