2 0.61328125 0.4140625 0.02578125 0.07421875
0 0.31171875 0.60546875 0.06171875 0.14609375
2 0.89921875 0.80390625 0.13203125 0.2265625
1 0.73203125 0.378125 0.015625 0.04140625
2 0.54921875 0.45546875 0.03125 0.06875
0 0.34296875 0.46171875 0.03515625 0.078125
2 0.6421875 0.52109375 0.04609375 0.09609375
2 0.66796875 0.4109375 0.02109375 0.046875
0 0.39296875 0.41328125 0.02265625 0.0546875
0 0.4625 0.390625 0.01796875 0.04375
0 0.5375 0.38671875 0.01953125 0.04296875
1 0.63671875 0.36328125 0.01171875 0.025
1 0.61875 0.36875 0.0125 0.028125
0 0.60703125 0.38046875 0.0125 0.03359375
1 0.73046875 0.378125 0.01484375 0.03359375
2 0.72265625 0.384375 0.0140625 0.04375
2 0.73671875 0.40546875 0.015625 0.04296875