2 0.7625 0.66796875 0.10546875 0.20625
0 0.3046875 0.5265625 0.05703125 0.14375
2 0.4328125 0.3984375 0.0328125 0.06875
2 0.27578125 0.32109375 0.01328125 0.03125
2 0.20625 0.34140625 0.01875 0.04296875
0 0.20859375 0.43125 0.03515625 0.0765625
2 0.18515625 0.36171875 0.02265625 0.04453125
2 0.3546875 0.37109375 0.02578125 0.0515625
0 0.0375 0.39453125 0.02890625 0.0546875
0 0.14375 0.40625 0.03203125 0.06171875
2 0.26171875 0.35859375 0.02421875 0.0546875
2 0.60078125 0.453125 0.03515625 0.0890625
0 0.11015625 0.34140625 0.01640625 0.03359375
2 0.2359375 0.33203125 0.01484375 0.03359375
0 0.00625 0.3734375 0.0125 0.05390625
1 0.1765625 0.315625 0.0109375 0.025
0 0.83984375 0.03125 0.10859375 0.06171875
0 0.0390625 0.3578125 0.015625 0.053125
0 0.16484375 0.32890625 0.01328125 0.04375
1 0.259375 0.31484375 0.0125 0.03515625