2 0.8061729171875 0.8567333328125001 0.8158203125 0.8690870374999999 0.9092072921875 0.9349712968749999 0.9138380203124999 0.8745768515625001 0.9072776046875 0.8491842593750001 0.8926135421874999 0.8320268515624999 0.902646875 0.6954527781250001 0.8968588546875 0.6810407406250001 0.8841145828125001 0.67446851875 0.8764062499999999 0.6817268515625 0.8385885421875001 0.7901620375 0.8142770828125 0.788103703125 0.8061729171875 0.8567333328125001
2 0.7217932296875 0.54003055625 0.7242864578125 0.5197583328125 0.7207244796875 0.5099388890625 0.715025 0.5105722218750001 0.715025 0.432334259375 0.7057291671875 0.4295268515625 0.6890213546874999 0.5042379625 0.6818973953125 0.503603703125 0.6761979171875 0.5200750000000001 0.7217932296875 0.54003055625
2 0.6022838546875 0.3895731484375 0.599434375 0.3889398140625 0.5996125 0.33287407343750003 0.5942692703125 0.33129074062499997 0.5850078125 0.38545555625 0.5778833328124999 0.3860888890625 0.578125 0.38857222187499996 0.5842953125 0.3993925921875 0.6054901046875 0.40065925937499997 0.6037088546875 0.393690740625 0.6022838546875 0.3895731484375
2 0.5222140625 0.33685185156249997 0.5208375000000001 0.3415259265625 0.5359812500000001 0.344197221875 0.5404869796875 0.3417490734375 0.5391104171875 0.3381870375 0.5364817703125 0.337075 0.5341041671875 0.3012388890625 0.5306869796875 0.2993268515625 0.5274708328125 0.33418055625 0.5247171875000001 0.3346259265625 0.5222140625 0.33685185156249997
2 0.4910505203125 0.3094740734375 0.4899239578125 0.2758638890625 0.4876713546875 0.2758638890625 0.4834161453125 0.3110324078125 0.4790260421875 0.3113388890625 0.4801619796875 0.3179324078125 0.4950557296875 0.31882314843750004 0.4939291671875 0.3110324078125 0.4910505203125 0.3094740734375
2 0.43936145781249997 0.2987898140625 0.437984375 0.2954518515625 0.43760937499999997 0.2954518515625 0.4341046875 0.2907768515625 0.432603125 0.2620638890625 0.42872291718750005 0.2602833328125 0.4258166671875 0.29131944375 0.42484322968750005 0.29456111093750004 0.42309114531249997 0.29611944375 0.42496822968750003 0.29968055625 0.43936145781249997 0.2987898140625
0 0.32055 0.50209351875 0.32055 0.508428703125 0.3162755203125 0.5217324078125001 0.3615140625 0.5255333328125 0.3679260421875 0.5014601859375001 0.3629390625 0.49195740781249997 0.3554588546875 0.49195740781249997 0.34869062500000003 0.40770185156250005 0.33871666718750004 0.40770185156250005 0.3361380203125 0.413897221875 0.3308802078125 0.490690740625 0.3269614578125 0.49385833281249997 0.32055 0.50209351875
0 0.3437057296875 0.3841166671875 0.33825781250000003 0.3908990734375 0.3706729171875 0.39937685156249997 0.3743505203125 0.39259444375 0.3705369796875 0.381452778125 0.3664510421875 0.3819370375 0.35936875 0.329859259375 0.3563723953125 0.327678703125 0.3529411453125 0.3303675921875 0.3492901046875 0.3807259265625 0.34765572968749997 0.3807259265625 0.3437057296875 0.3841166671875
0 0.3186453125 0.2862583328125 0.31428697968749997 0.2865009265625 0.31210781249999997 0.3293740734375 0.308021875 0.3293740734375 0.30734062500000003 0.333734259375 0.3054338546875 0.3371259265625 0.3283151046875 0.3368833328125 0.32926875 0.3281629625 0.3257276046875 0.3262259265625 0.3186453125 0.2862583328125
0 0.2912692703125 0.26712314843749996 0.2900432296875 0.26760740781250003 0.28704687500000003 0.2978851859375 0.28364218750000003 0.2993388890625 0.2833947921875 0.301228703125 0.2983515625 0.3017611109375 0.29780677031249997 0.298127778125 0.2957640625 0.2964324078125 0.2912692703125 0.26712314843749996
1 0.4000916671875 0.2833518515625 0.41166875 0.2833518515625 0.41194114531250003 0.27971851875 0.4098984375 0.279234259375 0.4078552078125 0.2586453703125 0.40731041718750005 0.25598055625 0.4044119796875 0.2565666671875 0.4018625 0.279234259375 0.4000916671875 0.2799611109375 0.4000916671875 0.2833518515625
1 0.25994375000000003 0.2518629625 0.2568109375 0.2525898140625 0.2562661453125 0.2567074078125 0.2544958328125 0.2780231484375 0.2521802078125 0.27971851875 0.25245104218750003 0.282165740625 0.2667536453125 0.2818990734375 0.26702604218750003 0.2770546296875 0.2647104171875 0.2768120375 0.25994375000000003 0.2518629625