1 0.3453125 0.32265625 0.00390625 0.0171875
1 0.0586119796875 0.9048944437499999 0.1532848953125 0.8756120375 0.15997395781249998 0.86463148125 0.1810692703125 0.8024074078125001 0.1805552078125 0.7868509265625 0.1759244796875 0.7813611109374999 0.1527703125 0.7905111109375 0.11829739531250001 0.6532518515625 0.10697760468749999 0.6532518515625 0.0956578125 0.6587425921875 0.0863963546875 0.6742981484375 0.0874255203125 0.8197935187500001 0.053466667187500004 0.885677778125 0.0586119796875 0.9048944437499999
1 0.6368098953125 0.6979555562499999 0.6685125000000001 0.7391333328125 0.6731432296875 0.7404009265625 0.7187385421875 0.7264638890625 0.7201635421875 0.720128703125 0.7158890625 0.7125268515625 0.6998593750000001 0.6922546296875 0.6941598953125 0.5712546296875 0.6877479171875 0.56491944375 0.6795552078125 0.565552778125 0.6750802078125 0.5713046296875001 0.6596072921875 0.6738824078125 0.6553328125 0.6808509265625 0.6371661453125 0.68781944375 0.6368098953125 0.6979555562499999
0 0.3332057296875 0.5041916671875 0.32821875 0.5200296296875 0.3627713546875 0.5219296296875 0.3713203125 0.5041916671875 0.358496875 0.502290740625 0.3503041671875 0.42246944375 0.3470979171875 0.4174009265625 0.3417552078125 0.42120277812499995 0.3392614578125 0.49912407343750004 0.3332057296875 0.5041916671875
2 0.5870062500000001 0.5005620375000001 0.61568125 0.498027778125 0.617640625 0.49549351875000003 0.6146125 0.49074259218750005 0.6122973953125 0.48440740781249997 0.6078447921875 0.4818731484375 0.6037479171875 0.4229574078125 0.5991171875 0.4207398140625 0.5959114578125 0.4207398140625 0.5889421875 0.47083703750000006 0.5861156249999999 0.48028981406250004 0.5809505203125 0.4847240734375 0.5784572921875 0.4891583328125 0.5870062500000001 0.5005620375000001
2 0.5921713546875 0.41377129687499997 0.5896776046875 0.417572221875 0.5937744796875 0.4239074078125 0.6128317703125 0.422640740625 0.6126536453125 0.417572221875 0.6106942703125 0.41535555625000004 0.6090911453125 0.41440462968749997 0.6049947921875 0.37449444375 0.6015625 0.372902778125 0.5982270828125 0.38526388906250003 0.5971583328125 0.3995175921875 0.5950208328125 0.41187129687499996 0.5921713546875 0.41377129687499997
2 0.5971583328125 0.391915740625 0.5980489578125 0.38811481406250004 0.5941302078125 0.38811481406250004 0.5911026046875001 0.35485555625 0.5883411453125 0.35402777812499997 0.585225 0.38653055625 0.5820192703125 0.387797221875 0.5839786453125 0.3944490734375 0.5971583328125 0.391915740625
2 0.51323125 0.37026944375 0.5106135421875 0.37349166718750004 0.51514375 0.3754611109375 0.5266197921875 0.37385 0.5251098953125 0.371522221875 0.5231973953125 0.3697324078125 0.5214859374999999 0.3478898140625 0.5200765625 0.34305648125 0.5169838546875 0.3434203703125 0.5163515624999999 0.368478703125 0.5135328125 0.368478703125 0.51323125 0.37026944375
2 0.46954114531249996 0.36024351875 0.47064843749999996 0.3625703703125 0.4839364578125 0.3618546296875 0.4826276046875 0.36024351875 0.47970833281249997 0.35898981406249997 0.477996875 0.34001203750000003 0.4771916671875 0.33643148125 0.47610937499999995 0.334965740625 0.47356770781249996 0.35737870312500003 0.471353125 0.3580953703125 0.46954114531249996 0.36024351875
2 0.4178088546875 0.35600648125 0.4273510421875 0.35650555625 0.4273510421875 0.354134259375 0.4266489578125 0.35138981406249997 0.4252458328125 0.3497675921875 0.4235619796875 0.3320481484375 0.42069114531249996 0.331946296875 0.41879114531250006 0.3495175921875 0.4174578125 0.354134259375 0.4178088546875 0.35600648125
2 0.41886093750000003 0.3170740734375 0.417528125 0.31695 0.4171067703125 0.3180731484375 0.4164755203125 0.333296296875 0.4145359375 0.3348925921875 0.4157739578125 0.3372888890625 0.4200536453125 0.3372888890625 0.42096614531250004 0.33242222187500003 0.41886093750000003 0.3170740734375
2 0.40075885468749994 0.34015925937499997 0.40012760468749997 0.3381629625 0.3996364578125 0.3380379625 0.3976015625 0.3229388890625 0.3957072921875 0.32268981406249997 0.3940234375 0.33741388906249997 0.39212447968749997 0.33839907343750003 0.39262031249999996 0.34128240781249997 0.3943041671875 0.3425296296875 0.3999875 0.3425296296875 0.40075885468749994 0.34015925937499997
2 0.38013125 0.3284296296875 0.37837708281250004 0.328803703125 0.3773947921875 0.329427778125 0.3773947921875 0.33554259218750004 0.3752197921875 0.34939259218749996 0.37689374999999997 0.35186759218749997 0.3841302078125 0.3527620375 0.3831484375 0.34901851875 0.3822359375 0.34889351875 0.38013125 0.3284296296875
2 0.37999062499999997 0.34552499999999997 0.38883125 0.3463981484375 0.3879895828125 0.34390277812500003 0.3863057296875 0.340284259375 0.38525312500000003 0.32331388906249997 0.38423281249999997 0.3233879625 0.3834286453125 0.3235629625 0.3823765625 0.32755648125 0.3812536453125 0.343028703125 0.37999062499999997 0.34552499999999997
2 0.40314479218750005 0.3321731484375 0.40349531250000004 0.333296296875 0.4074244796875 0.33404444375 0.4091786453125 0.3335453703125 0.4092489578125 0.3316740734375 0.40658281250000006 0.3306759265625 0.40791562499999995 0.3300518515625 0.40680260468749996 0.3169351859375 0.40517916718749997 0.3191953703125 0.40503906250000005 0.3246861109375 0.405109375 0.33042592656249997 0.40314479218750005 0.3321731484375
0 0.423971875 0.43439907343749995 0.44680625 0.4321268515625 0.4439322921875 0.4253111109375 0.4404192703125 0.4241759265625 0.43451093749999997 0.37163796250000003 0.43049583281250003 0.3713638890625 0.42668645781250003 0.4238916671875 0.4233333328125 0.426447221875 0.423971875 0.43439907343749995
0 0.45990000000000003 0.4000370375 0.4750697921875 0.4003203703125 0.4733135421875 0.3935046296875 0.4712375 0.3915175921875 0.46772447968749997 0.3528953703125 0.46500989531250003 0.3528953703125 0.46165677031249996 0.392652778125 0.45638750000000006 0.395209259375 0.45990000000000003 0.4000370375
0 0.4155088546875 0.345227778125 0.4121557296875 0.345227778125 0.4100796875 0.3713546296875 0.40660937500000005 0.3729601859375 0.4118364578125 0.37845370312500004 0.422375 0.3758981484375 0.41870260468750004 0.36851388906250004 0.4155088546875 0.345227778125
0 0.3741515625 0.33784351875 0.37542916718749997 0.34323981406250004 0.37495 0.36169907343749996 0.37159635468749996 0.36169907343749996 0.37230625 0.3675324078125 0.3837322921875 0.3662425921875 0.38021927031249997 0.3622666671875 0.3778239578125 0.33784351875 0.3741515625 0.33784351875
0 0.3152890625 0.36105092656250004 0.3274973953125 0.3589546296875 0.3258979171875 0.3589546296875 0.3232036453125 0.356559259375 0.3207619796875 0.334996296875 0.3185604171875 0.33520370312500003 0.3166364578125 0.3576074078125 0.3148682296875 0.35790648125 0.3152890625 0.36105092656250004
0 0.2898619796875 0.3320018515625 0.288346875 0.331552778125 0.2874203125 0.34922129687500003 0.28489479218749997 0.35041944375 0.285321875 0.3518703703125 0.2950822921875 0.3519166671875 0.2934828125 0.3498203703125 0.2921354171875 0.3468259265625 0.2898619796875 0.3320018515625
0 0.2931458328125 0.3460768515625 0.301396875 0.345478703125 0.3017338546875 0.34413055625 0.2992921875 0.34368148125000003 0.29710312499999997 0.3255629625 0.2946020828125 0.325102778125 0.2947453125 0.34368148125000003 0.29323020781250003 0.34383148124999996 0.2931458328125 0.3460768515625
0 0.32471927031250003 0.3216703703125 0.32362447968749997 0.3216703703125 0.3221088546875 0.3370925921875 0.32121197968750004 0.34025462968750003 0.3286765625 0.3403870375 0.327834375 0.33844074062499996 0.32648697968749996 0.33514629687499997 0.32471927031250003 0.3216703703125
0 0.348378125 0.334847221875 0.34804114531249997 0.33604444375 0.3546927078125 0.3355953703125 0.3529244796875 0.334697221875 0.3516614578125 0.32092129687500004 0.350946875 0.32089444375 0.349809375 0.33454722187499997 0.3491359375 0.334847221875 0.348378125 0.334847221875
0 0.3444208328125 0.33304999999999996 0.3499776046875 0.33304999999999996 0.3482098953125 0.3318518515625 0.346946875 0.320622221875 0.3460229171875 0.32123055625 0.345346875 0.331252778125 0.3444208328125 0.33170277812500004 0.3444208328125 0.33304999999999996
1 0.40390625 0.32421875 0.0015625 0.0171875