2 0.91640625 0.78203125 0.1078125 0.25546875
2 0.62421875 0.41328125 0.03515625 0.07890625
0 0.35078125 0.46484375 0.04921875 0.109375
2 0.35078125 0.33203125 0.0234375 0.05
2 0.5078125 0.3234375 0.01953125 0.0609375
2 0.575 0.35859375 0.0265625 0.05859375
2 0.296875 0.30703125 0.0203125 0.04296875
2 0.41875 0.290625 0.01484375 0.03828125
1 0.2140625 0.28203125 0.015625 0.03359375
0 0.38125 0.36796875 0.03046875 0.06796875
2 0.36640625 0.28125 0.01484375 0.0359375
2 0.4578125 0.303125 0.0171875 0.0390625
1 0.9953125 0.30859375 0.00703125 0.06171875
1 0.8625 0.3140625 0.0140625 0.03671875
2 0.25546875 0.29453125 0.01640625 0.034375
1 0.33984375 0.2765625 0.0125 0.02890625