2 0.82734375 0.61640625 0.10234375 0.234375
2 0.7125 0.4875 0.0578125 0.13984375
2 0.64765625 0.4015625 0.0328125 0.08125
2 0.68046875 0.42734375 0.04140625 0.11796875
2 0.61953125 0.38203125 0.02734375 0.0671875
0 0.171875 0.6 0.10390625 0.24921875
0 0.29140625 0.4828125 0.0609375 0.15546875
0 0.34921875 0.43828125 0.03984375 0.1078125
0 0.365625 0.41015625 0.02734375 0.07421875
0 0.41015625 0.39140625 0.02734375 0.0640625
0 0.43203125 0.375 0.0203125 0.0515625
0 0.44921875 0.3625 0.0140625 0.0453125
1 0.46328125 0.3484375 0.01171875 0.0359375
1 0.4734375 0.3421875 0.01484375 0.03515625
2 0.60234375 0.36171875 0.01484375 0.04453125
2 0.590625 0.34921875 0.01640625 0.046875