2 0.74453125 0.48515625 0.065625 0.15703125
2 0.6875 0.43203125 0.04453125 0.109375
2 0.17734375 0.628125 0.11484375 0.25
2 0.64921875 0.3859375 0.0265625 0.0703125
2 0.6671875 0.3984375 0.0265625 0.09609375
2 0.628125 0.3734375 0.02265625 0.059375
1 0.9125 0.62734375 0.1234375 0.26796875
0 0.3046875 0.48359375 0.06328125 0.165625
0 0.365625 0.434375 0.04375 0.11328125
0 0.40390625 0.409375 0.03046875 0.08984375
0 0.4125 0.3953125 0.0203125 0.06328125
0 0.446875 0.3828125 0.0234375 0.05390625
0 0.4625 0.371875 0.01875 0.046875
0 0.4765625 0.36484375 0.0140625 0.03984375
1 0.48984375 0.3546875 0.0109375 0.03359375
1 0.4984375 0.35 0.0125 0.03359375
2 0.60703125 0.35390625 0.015625 0.04375