2 0.74765625 0.26328125 0.046875 0.11640625
2 0.815625 0.3359375 0.071875 0.16953125
1 0.44609375 0.21015625 0.0296875 0.06796875
2 0.96171875 0.50078125 0.0734375 0.296875
1 0.46484375 0.19453125 0.01796875 0.05703125
2 0.6921875 0.21875 0.0359375 0.09609375
1 0.67265625 0.1828125 0.0171875 0.05390625
1 0.665625 0.1734375 0.01328125 0.04765625
1 0.47890625 0.18046875 0.0171875 0.04765625
0 0.425 0.23359375 0.0328125 0.07578125
0 0.11015625 0.5234375 0.11875 0.2921875
0 0.30859375 0.3421875 0.06328125 0.159375
0 0.390625 0.26953125 0.0453125 0.11015625
1 0.471875 0.18828125 0.0171875 0.05234375
1 0.6859375 0.19453125 0.02265625 0.0578125