2 0.81796875 0.52421875 0.10078125 0.23671875
2 0.73359375 0.38984375 0.0640625 0.1671875
2 0.67578125 0.33984375 0.04375 0.10625
2 0.634375 0.30859375 0.0328125 0.08359375
2 0.615625 0.2890625 0.0234375 0.0671875
0 0.13125 0.5328125 0.10625 0.25546875
0 0.26875 0.41328125 0.06328125 0.16484375
0 0.30859375 0.359375 0.0421875 0.10234375
0 0.37578125 0.325 0.03125 0.08125
0 0.40625 0.30234375 0.025 0.06171875
0 0.43046875 0.28515625 0.02265625 0.053125
0 0.43984375 0.27421875 0.01328125 0.0390625
1 0.45078125 0.26484375 0.0171875 0.04140625
1 0.4625 0.25546875 0.0203125 0.04140625
2 0.59453125 0.26328125 0.01640625 0.05390625
1 0.60390625 0.2515625 0.01640625 0.04765625