2 0.66953125 0.41328125 0.0734375 0.15703125
2 0.95625 0.55859375 0.08359375 0.253125
2 0.5 0.36015625 0.04921875 0.125
2 0.6140625 0.325 0.04609375 0.11484375
1 0.6578125 0.26875 0.0171875 0.046875
2 0.846875 0.30625 0.0296875 0.09453125
2 0.7171875 0.321875 0.03671875 0.0859375
2 0.82265625 0.29375 0.02578125 0.07265625
1 0.63515625 0.27421875 0.0171875 0.05
0 0.18203125 0.3203125 0.0328125 0.09375
0 0.45625 0.2921875 0.02890625 0.07578125
0 0.3109375 0.29609375 0.03203125 0.0828125
0 0.596875 0.290625 0.0203125 0.05703125
0 0.115625 0.36015625 0.0484375 0.13359375
0 0.15625 0.4671875 0.090625 0.215625
1 0.83515625 0.28984375 0.0125 0.05234375
0 0.6125 0.278125 0.0171875 0.05390625
0 0.05 0.69765625 0.1 0.4015625