2 0.78515625 0.5265625 0.08046875 0.1953125
2 0.70078125 0.43203125 0.05078125 0.125
2 0.65 0.36171875 0.03203125 0.078125
2 0.675 0.38203125 0.0359375 0.10859375
2 0.6234375 0.34453125 0.02578125 0.06328125
2 0.61171875 0.33046875 0.0171875 0.05390625
0 0.24609375 0.52421875 0.08125 0.2109375
0 0.3296875 0.434375 0.05234375 0.14140625
1 0.05078125 0.8265625 0.1 0.33828125
0 0.37578125 0.396875 0.03671875 0.1015625
0 0.38828125 0.37421875 0.0234375 0.07109375
0 0.4265625 0.35625 0.02578125 0.06015625
0 0.44453125 0.340625 0.01875 0.0515625
0 0.46171875 0.32890625 0.01484375 0.04765625
1 0.47421875 0.31640625 0.01171875 0.03359375
1 0.48359375 0.309375 0.0140625 0.0359375
2 0.596875 0.315625 0.01484375 0.04453125
1 0.60390625 0.30703125 0.015625 0.040625