2 0.8515625 0.4796875 0.1 0.23125
2 0.71484375 0.3546875 0.05625 0.14609375
2 0.66640625 0.2984375 0.04296875 0.10859375
2 0.64296875 0.2625 0.03046875 0.0828125
1 0.42421875 0.23359375 0.01953125 0.0546875
1 0.43671875 0.22109375 0.015625 0.04921875
0 0.40859375 0.25078125 0.025 0.059375
0 0.38828125 0.2734375 0.03203125 0.078125
2 0.6140625 0.234375 0.02734375 0.07578125
1 0.446875 0.21015625 0.0140625 0.04375
0 0.275 0.37890625 0.0578125 0.14375
0 0.0984375 0.503125 0.0984375 0.21953125
0 0.346875 0.31171875 0.03828125 0.10234375
1 0.62578125 0.225 0.01796875 0.05390625
1 0.61015625 0.20859375 0.01953125 0.04921875