2 0.79765625 0.44296875 0.08046875 0.1921875
2 0.7140625 0.34921875 0.05390625 0.12734375
2 0.678125 0.296875 0.0390625 0.09375
1 0.4234375 0.253125 0.025 0.059375
2 0.6375 0.2578125 0.02890625 0.08515625
1 0.440625 0.23828125 0.0171875 0.05
0 0.4046875 0.27265625 0.02890625 0.06484375
1 0.453125 0.22421875 0.01328125 0.04453125
0 0.209375 0.4609375 0.07890625 0.18984375
0 0.32265625 0.3546875 0.046875 0.11953125
0 0.38046875 0.30234375 0.03828125 0.09140625
1 0.6265625 0.22578125 0.0171875 0.053125
1 0.64765625 0.25 0.01953125 0.0609375