2 0.89609375 0.71171875 0.16875 0.34609375
2 0.62578125 0.46640625 0.0890625 0.17421875
2 0.39609375 0.37421875 0.05625 0.12578125
2 0.2421875 0.33125 0.0484375 0.10859375
2 0.42265625 0.30703125 0.03125 0.07578125
2 0.33515625 0.3078125 0.040625 0.096875
2 0.53046875 0.29765625 0.0234375 0.08046875
0 0.03828125 0.27109375 0.03203125 0.08046875
1 0.3625 0.25859375 0.0203125 0.04453125
2 0.509375 0.2875 0.021875 0.06171875
2 0.51953125 0.284375 0.0109375 0.04609375
0 0.178125 0.27109375 0.025 0.06953125
1 0.3421875 0.26171875 0.0140625 0.04609375
0 0.3109375 0.2765625 0.0203125 0.05234375
1 0.3234375 0.26640625 0.01484375 0.0515625
0 0.015625 0.62578125 0.03125 0.1140625
0 0.01484375 0.44921875 0.0296875 0.10078125