2 0.76015625 0.13359375 0.059375 0.1453125
2 0.87578125 0.24375 0.1015625 0.23515625
2 0.684375 0.078125 0.0421875 0.11640625
1 0.396875 0.06875 0.03515625 0.07734375
1 0.66953125 0.046875 0.0203125 0.06484375
0 0.1734375 0.253125 0.0921875 0.221875
0 0.31484375 0.14140625 0.053125 0.13359375
0 0.36953125 0.09453125 0.0359375 0.0890625
1 0.42109375 0.0515625 0.02421875 0.06328125
1 0.65546875 0.03828125 0.01796875 0.0578125
1 0.646875 0.028125 0.01484375 0.05234375
1 0.440625 0.034375 0.0140625 0.05390625
1 0.43125 0.0453125 0.01953125 0.059375