2 0.75234375 0.2390625 0.0671875 0.16640625
2 0.7 0.184375 0.0453125 0.1140625
2 0.62109375 0.1515625 0.0359375 0.1015625
2 0.5078125 0.14140625 0.0265625 0.0703125
2 0.353125 0.12890625 0.02265625 0.06171875
2 0.278125 0.12421875 0.0171875 0.05234375
2 0.1640625 0.1203125 0.0234375 0.0578125
1 0.63984375 0.0984375 0.01484375 0.03828125
0 0.21953125 0.1453125 0.02734375 0.0703125
2 0.0546875 0.12421875 0.01875 0.04609375
0 0.315625 0.153125 0.0296875 0.096875
0 0.12265625 0.13828125 0.0234375 0.0625
1 0.51953125 0.0984375 0.01640625 0.03671875
0 0.01171875 0.1375 0.0203125 0.05546875
0 0.2953125 0.22421875 0.04609375 0.1671875
0 0.371875 0.18203125 0.0515625 0.1296875
1 0.9125 0.390625 0.1296875 0.28984375
1 0.12890625 0.3796875 0.1234375 0.265625