2 0.7609375 0.178125 0.075 0.18203125
2 0.93984375 0.3828125 0.11796875 0.36640625
2 0.61640625 0.10234375 0.04921875 0.140625
2 0.265625 0.05546875 0.0296875 0.075
2 0.0421875 0.03984375 0.02578125 0.06796875
2 0.46015625 0.07734375 0.0359375 0.09375
1 0.4765625 0.0171875 0.02109375 0.034375
0 0.0734375 0.08046875 0.0390625 0.09140625
0 0.234375 0.16875 0.08671875 0.20546875
0 0.18046875 0.09375 0.0578125 0.15625
1 0.61328125 0.01796875 0.01796875 0.0359375
2 0.1765625 0.04765625 0.028125 0.065625
0 0.0359375 0.37578125 0.071875 0.2703125