2 0.80625 0.34375 0.0859375 0.22578125
2 0.95546875 0.6203125 0.08671875 0.3859375
2 0.71328125 0.26328125 0.05390625 0.1296875
2 0.65703125 0.21796875 0.03828125 0.09921875
2 0.63359375 0.19296875 0.0296875 0.078125
1 0.44921875 0.15625 0.0171875 0.046875
2 0.62265625 0.17265625 0.0203125 0.06484375
2 0.60625 0.15546875 0.021875 0.06484375
0 0.4234375 0.18046875 0.025 0.0625
0 0.4375 0.1671875 0.015625 0.04921875
0 0.20078125 0.3625 0.08359375 0.21875
0 0.35703125 0.2328125 0.0390625 0.096875
0 0.396875 0.2015625 0.0296875 0.07734375
0 0.27265625 0.278125 0.0515625 0.125
1 0.46328125 0.1484375 0.01953125 0.04453125