2 0.491203125 0.3753147328125 0.49034812499999997 0.3830368296875 0.509375 0.38392857187499996 0.540625 0.38392857187499996 0.54 0.37053571406249997 0.533125 0.36383928593750003 0.53 0.35267857187499996 0.521875 0.26674107187499996 0.5125 0.26674107187499996 0.503125 0.35044642812500004 0.49874999999999997 0.3616071421875 0.49375 0.36607142812500004 0.491203125 0.3753147328125
0 0.08456875 0.3489654015625 0.0857275 0.3406908484375 0.08123812500000001 0.338751115625 0.068125 0.2421875 0.063209375 0.23932366093750002 0.05900999999999999 0.24229799062500001 0.050973124999999994 0.3390100453125 0.043805 0.3408203125 0.04300875 0.3489654015625 0.08456875 0.3489654015625
2 0.166006875 0.26606138437500004 0.165785625 0.262501115625 0.16002624999999998 0.2602857140625 0.15595 0.20696317031250003 0.150190625 0.20696317031250003 0.1456275 0.260444196875 0.13960187500000001 0.2613147328125 0.138981875 0.26463727656249997 0.166006875 0.26606138437500004
1 0.89625 0.27455357187499996 0.9037499999999999 0.27008928593750003 0.9075 0.2633928578125 0.9043749999999999 0.2265625 0.896875 0.22544642812500001 0.8887499999999999 0.2366071421875 0.8881249999999999 0.25 0.89375 0.25 0.8931250000000001 0.2633928578125 0.89625 0.27455357187499996
2 0.43913250000000004 0.3316674109375 0.43636125000000003 0.3204296875 0.42966375 0.315686384375 0.428125 0.3069196421875 0.42125 0.24330357187499999 0.41875 0.2388392859375 0.41312499999999996 0.2421875 0.406875 0.3125 0.40062499999999995 0.32142857187499996 0.399375 0.32924107187499996 0.43913250000000004 0.3316674109375
1 0.9037499999999999 0.22767857187499999 0.89875 0.2243303578125 0.890625 0.2287946421875 0.884375 0.2477678578125 0.880625 0.27455357187499996 0.9 0.27790178593750003 0.903125 0.2712053578125 0.9037499999999999 0.22767857187499999
0 0.137424375 0.42886942031249997 0.134375 0.41964285781250005 0.12250000000000001 0.412946428125 0.12 0.40625 0.10375000000000001 0.2834821421875 0.091591875 0.283671875 0.08 0.39732142812500004 0.077690625 0.4145178578125 0.06668500000000001 0.4195602671875 0.064375 0.44308035781250005 0.068125 0.446428571875 0.138583125 0.44529017812499994 0.137424375 0.42886942031249997
2 0.05653125 0.252287946875 0.061875 0.2321428578125 0.057499999999999996 0.188616071875 0.05625 0.1852678578125 0.052500000000000005 0.1875 0.04928125 0.24715401718750002 0.04459375 0.24771205312500003 0.04471875 0.250725446875 0.05653125 0.252287946875
2 0.290625 0.29017857187499996 0.28250000000000003 0.27678571406249997 0.275625 0.20982142812500001 0.27125 0.2075892859375 0.26937500000000003 0.21205357187499999 0.26625 0.2578125 0.265898125 0.2846071421875 0.257625625 0.290373884375 0.290625 0.29017857187499996
0 0.06875 0.6852678578125 0.06875 0.6774553578125 0.044375 0.6696428578125 0.03375 0.6584821421875 0.01 0.4296875 0.00125 0.36607142812500004 0 0.7399553578125 0.045625 0.7421875 0.05625 0.7321428578125 0.06875 0.6852678578125
2 0.896875 0.578125 0.9 0.5747767859375 0.9025000000000001 0.5647321421875 0.9 0.5491071421875 0.8868750000000001 0.5368303578125 0.8793749999999999 0.483258928125 0.87625 0.3962053578125 0.8724999999999999 0.36383928593750003 0.8568749999999999 0.36049107187499996 0.853125 0.3694196421875 0.8462500000000001 0.41852678593750003 0.844375 0.45089285781250005 0.829375 0.5223214281249999 0.8256249999999999 0.5301339281249999 0.818125 0.5323660718750001 0.8125 0.5412946421875 0.809375 0.5613839281249999 0.81375 0.5680803578125 0.8800000000000001 0.578125 0.896875 0.578125