2 0.80546875 0.42109375 0.0828125 0.17265625
2 0.9265625 0.69765625 0.14375 0.39765625
2 0.5046875 0.29453125 0.04140625 0.09375
2 0.72734375 0.346875 0.0390625 0.11640625
2 0.38046875 0.26484375 0.034375 0.07578125
2 0.23125 0.23984375 0.0296875 0.06953125
2 0.1109375 0.225 0.02265625 0.065625
2 0.13046875 0.21328125 0.02265625 0.06484375
2 0.19609375 0.2 0.015625 0.046875
2 0.2265625 0.20703125 0.01640625 0.05234375
0 0.09296875 0.24921875 0.034375 0.0828125
0 0.1984375 0.27421875 0.04375 0.0984375
1 0.18828125 0.19609375 0.01328125 0.0421875
0 0.0484375 0.19453125 0.0140625 0.0421875
2 0.1671875 0.21171875 0.02109375 0.05390625
0 0.23046875 0.39140625 0.08203125 0.22890625
0 0.35078125 0.32109375 0.05859375 0.1515625