2 0.75078125 0.2625 0.08046875 0.2
2 0.6796875 0.184375 0.0515625 0.13046875
2 0.46484375 0.13046875 0.03046875 0.078125
2 0.5875 0.14375 0.03984375 0.1125
2 0.22109375 0.1140625 0.0234375 0.059375
2 0.0984375 0.11015625 0.021875 0.06171875
0 0.15 0.13984375 0.03046875 0.078125
0 0.0484375 0.13203125 0.02578125 0.06796875
2 0.2953125 0.11796875 0.01796875 0.065625
1 0.60078125 0.07734375 0.01640625 0.03984375
0 0.24765625 0.15078125 0.0421875 0.109375
1 0.4765625 0.07890625 0.01640625 0.0390625
0 0.209375 0.25390625 0.07421875 0.2109375
0 0.3109375 0.18671875 0.05859375 0.1484375
1 0.9609375 0.575 0.07578125 0.31953125