2 0.8671875 0.30859375 0.05078125 0.153125
2 0.77734375 0.2203125 0.0328125 0.07265625
2 0.93125 0.2609375 0.04453125 0.10703125
2 0.690625 0.21015625 0.0265625 0.0625
0 0.425 0.28828125 0.0640625 0.16953125
0 0.65546875 0.2296875 0.0359375 0.09921875
0 0.58359375 0.24921875 0.0421875 0.11953125
1 0.1796875 0.409375 0.11015625 0.24765625
1 0.896875 0.425 0.1171875 0.24765625
0 0.559375 0.22109375 0.03046875 0.06875
0 0.48828125 0.21171875 0.0265625 0.06015625
0 0.3765625 0.20234375 0.02109375 0.05234375
0 0.33203125 0.18984375 0.015625 0.03984375
0 0.31953125 0.19765625 0.0171875 0.0421875
0 0.38359375 0.1875 0.015625 0.0359375
0 0.43671875 0.18671875 0.0109375 0.03046875
1 0.42578125 0.18125 0.01328125 0.03359375
2 0.52734375 0.19140625 0.01640625 0.0390625
2 0.503125 0.19140625 0.01328125 0.04765625
2 0.49296875 0.2 0.01484375 0.04765625
2 0.57578125 0.20390625 0.0171875 0.0484375
2 0.571875 0.18828125 0.01171875 0.0375
2 0.55 0.18359375 0.009375 0.0359375
1 0.54140625 0.18359375 0.0125 0.03359375