2 0.82 0.27008928593750003 0.8106249999999999 0.2756696421875 0.80625 0.2912946421875 0.81375 0.3024553578125 0.82125 0.3046875 0.869375 0.3046875 0.8881249999999999 0.2991071421875 0.880625 0.27678571406249997 0.871875 0.2712053578125 0.86875 0.25669642812500004 0.866875 0.2165178578125 0.859375 0.1741071421875 0.858125 0.1305803578125 0.853125 0.12276785781249999 0.8412499999999999 0.126116071875 0.8318749999999999 0.2109375 0.8256249999999999 0.234375 0.8225 0.26227678593750003 0.82 0.27008928593750003
2 0.711875 0.19866071406250002 0.75 0.194196428125 0.751875 0.1897321421875 0.740625 0.170758928125 0.7334425 0.065797990625 0.72472 0.064758928125 0.716875 0.123883928125 0.7125 0.16741071406250002 0.70875 0.1796875 0.7 0.1897321421875 0.711875 0.19866071406250002
1 0.401875 0.1640625 0.4025 0.15959821406250002 0.3975 0.15625 0.38937499999999997 0.123883928125 0.38687499999999997 0.0859375 0.38 0.0825892859375 0.375625 0.0904017859375 0.374375 0.12946428593749998 0.365625 0.165178571875 0.39187500000000003 0.16741071406250002 0.401875 0.1640625
1 0.42625 0.1350446421875 0.4175 0.069196428125 0.41187500000000005 0.0669642859375 0.40750000000000003 0.0736607140625 0.40437500000000004 0.11495535781249999 0.399375 0.133928571875 0.403125 0.13727678593749998 0.42625 0.1350446421875
1 0.6875 0.0881696421875 0.6837500000000001 0.0491071421875 0.67625 0.047991071875 0.6725 0.063616071875 0.6725 0.0803571421875 0.666875 0.10714285781249999 0.685625 0.109375 0.6875 0.0881696421875
1 0.68625 0.123883928125 0.707719375 0.12399553593749998 0.708125 0.118303571875 0.704375 0.094866071875 0.703125 0.060267857812500006 0.69875 0.052455357812500006 0.6925 0.0546875 0.6912499999999999 0.060267857812500006 0.688125 0.0982142859375 0.687125625 0.11383928593749999 0.6825 0.12053571406250001 0.68625 0.123883928125
0 0.216449375 0.32992410781250003 0.28798124999999997 0.3266127234375 0.301804375 0.3099564734375 0.293544375 0.2978147328125 0.280625 0.29017857187499996 0.259375 0.157366071875 0.24662437499999998 0.15743638437500002 0.236116875 0.2956071421875 0.224375 0.30580357187499996 0.224375 0.31361607187499996 0.216449375 0.32992410781250003
1 0.43499999999999994 0.12276785781249999 0.43062500000000004 0.0658482140625 0.42625 0.061383928125 0.41937499999999994 0.063616071875 0.418125 0.0736607140625 0.421875 0.12053571406250001 0.42312500000000003 0.123883928125 0.43499999999999994 0.12276785781249999
1 0.703204375 0.1454720984375 0.70875 0.147321428125 0.7147812499999999 0.1476428578125 0.7212500000000001 0.0803571421875 0.724375 0.0680803578125 0.7212500000000001 0.0625 0.71375 0.0669642859375 0.707221875 0.13225557968749999 0.70331 0.134616071875 0.70125 0.1383928578125 0.703204375 0.1454720984375
1 0.44000000000000006 0.0859375 0.438125 0.055803571875 0.43187499999999995 0.0546875 0.43 0.063616071875 0.429375 0.0915178578125 0.43187499999999995 0.109375 0.44749999999999995 0.10714285781249999 0.44000000000000006 0.0859375
1 0.673125 0.077008928125 0.673125 0.0446428578125 0.66625 0.0390625 0.663125 0.045758928125 0.660625 0.0747767859375 0.65625 0.0904017859375 0.67 0.09375 0.673125 0.077008928125
0 0.33323562500000004 0.21352008906250003 0.3525 0.21205357187499999 0.366875 0.2087053578125 0.35812499999999997 0.2008928578125 0.352979375 0.187688615625 0.343125 0.11941964218750001 0.339375 0.11160714218750001 0.335625 0.1171875 0.332193125 0.1915279015625 0.330824375 0.20456026718749998 0.32313562500000004 0.207702009375 0.320659375 0.2122399546875 0.33323562500000004 0.21352008906250003
0 0 0.6529017859375 0.0113275 0.667078125 0.06250875 0.5870524546875 0.045228125 0.5801127234375001 0.03762125 0.5671194203125001 0.01976125 0.5612142859375 0.001875 0.49441964218749995 0 0.49441964218749995 0 0.6529017859375