2 0.7796875 0.403125 0.0734375 0.175
2 0.95078125 0.62265625 0.0953125 0.34609375
2 0.73125 0.32109375 0.05078125 0.13828125
2 0.6875 0.290625 0.0375 0.09296875
2 0.65390625 0.2671875 0.02890625 0.075
2 0.6375 0.25078125 0.02109375 0.06015625
0 0.36953125 0.309375 0.03125 0.08671875
0 0.2640625 0.4171875 0.0765625 0.190625
0 0.065625 0.61796875 0.128125 0.34609375
0 0.3453125 0.34453125 0.0484375 0.13515625
0 0.421875 0.28828125 0.03046875 0.0703125
0 0.44765625 0.26875 0.02265625 0.05859375
0 0.46640625 0.25390625 0.01875 0.05078125
0 0.47578125 0.24296875 0.01328125 0.03984375
1 0.484375 0.234375 0.0140625 0.0390625
1 0.4953125 0.22734375 0.01640625 0.0390625
1 0.62734375 0.2203125 0.01484375 0.04609375
2 0.61953125 0.23046875 0.0171875 0.0515625