1 0.8625 0.6140625 0.11328125 0.2375
1 0.1625 0.5796875 0.10859375 0.2375
2 0.7515625 0.390625 0.03125 0.07109375
2 0.66640625 0.37578125 0.028125 0.06015625
2 0.8984375 0.440625 0.0453125 0.1046875
2 0.83671875 0.4875 0.0484375 0.1453125
0 0.40625 0.45625 0.06640625 0.16640625
0 0.63203125 0.39921875 0.03671875 0.0921875
0 0.53828125 0.38203125 0.0265625 0.06484375
0 0.465625 0.37109375 0.0203125 0.053125
0 0.41640625 0.34140625 0.01171875 0.0328125
0 0.3578125 0.35703125 0.01953125 0.0515625
0 0.3 0.35 0.01875 0.0421875
0 0.31328125 0.34296875 0.01640625 0.03984375
0 0.3640625 0.34140625 0.01484375 0.0359375
1 0.40625 0.3359375 0.0125 0.03046875
2 0.471875 0.35859375 0.01875 0.04609375
2 0.4828125 0.35078125 0.01484375 0.04765625
2 0.50703125 0.35 0.0171875 0.03828125
2 0.52734375 0.3421875 0.01328125 0.034375
0 0.5625 0.41875 0.03828125 0.11875
2 0.55390625 0.3640625 0.0203125 0.04765625
2 0.5515625 0.34609375 0.0125 0.03203125